3,1,24756830,59437230,,86,96,Z,37,Kadriorg
3,2,24665520,59462670,,317,97,Z,112,Kopli
3,5,24725470,59442830,,125,98,Z,75,Vana-Lõuna
3,1,24780830,59439650,,251,99,Z,204,Kopli
3,2,24689340,59455140,,88,102,Z,73,Suur-Paala
3,2,24759450,59444980,,348,123,Z,172,Kopli
3,1,24717400,59446070,,124,136,false,71,Kadriorg
3,1,24697750,59454280,,282,138,false,148,Kopli
3,2,24814290,59426860,,256,148,Z,241,Suur-Paala
3,5,24669440,59461150,,320,181,false,98,Kopli
3,5,24740660,59441630,,234,507,Z,22,Kopli
3,3,24733910,59410880,,198,508,Z,104,Tondi
3,4,24813770,59426800,,255,510,Z,123,Suur-Paala
3,4,24814320,59426830,,264,513,Z,145,Suur-Paala
3,3,24742640,59424470,,179,515,Z,156,Tondi
3,4,24735110,59412400,,221,516,Z,44,Tondi
3,2,24771290,59430610,,308,519,Z,194,Kopli
3,4,24796320,59426600,,302,520,Z,96,Tondi
3,2,24813780,59426830,,257,522,false,211,Suur-Paala
3,3,24771020,59438310,,73,525,false,47,Kadriorg
3,2,24669020,59461310,,316,526,false,128,Kopli
3,4,24757920,59437270,,265,528,false,74,Tondi
3,2,24799300,59425940,,113,529,false,17,Suur-Paala
3,1,24668030,59461210,,134,530,false,94,Kopli
3,1,24669780,59461010,,318,531,false,124,Kopli
3,1,24749360,59443650,,296,533,false,180,Kopli
3,2,24744060,59443710,,26,534,false,55,Suur-Paala
3,4,24745900,59432850,,14,535,false,229,Suur-Paala
3,2,24757360,59437300,,201,537,false,33,Suur-Paala
3,4,24779330,59427200,,123,542,false,175,Suur-Paala
3,2,24711220,59448930,,324,543,false,150,Kopli
2,83,24659090,59400130,,127,1003,Z,50,Mustamäe
2,12,24687010,59408010,,107,1009,Z,105,Seli
2,8,24658220,59410270,,203,1012,Z,56,Väike-Õismäe
2,23,24656650,59409600,,154,1013,Z,134,Kadaka
2,23,24722700,59427700,,72,1014,Z,59,Bussijaam
2,12,24662610,59410620,,267,1017,Z,24,Väike-Õismäe
2,42,24665570,59427560,,258,1018,Z,24,Väike-Õismäe
2,23,24658180,59410850,,224,1019,Z,126,Kadaka
2,23,24663810,59391600,,255,1022,Z,40,Kadaka
2,40,24881580,59443630,,9,1023,Z,30,Priisle
2,23,24658420,59410480,,206,1024,Z,26,Kadaka
2,67,24745610,59432790,,82,1028,Z,100,Seli
2,36,24635460,59412040,,119,1029,Z,64,Väike-Õismäe
2,67,24658510,59410520,,144,1030,Z,109,Sütiste
2,8,24716540,59432850,,243,1031,Z,152,Väike-Õismäe
2,42,24704600,59429090,,92,1099,Z,97,Priisle
2,24,24648690,59401160,,60,1108,Z,38,Kadaka
2,45,24660970,59411320,,128,1109,Z,76,Väike-Õismäe
2,37,24661040,59411300,,77,1110,Z,64,Mustamäe
2,9,24661270,59411870,,319,1112,Z,52,Kadaka
2,8,24661150,59411270,,30,1113,Z,96,Väike-Õismäe
2,24,24657780,59395070,,63,1115,Z,141,Estonia
2,21A,24648770,59421640,,145,1117,Z,26,Väike-Õismäe
2,11,24656080,59405150,,9,1118,Z,14,Kadaka
2,37,24661370,59411200,,92,1120,Z,12,Mustamäe
2,85,24658660,59401000,,217,1121,Z,52,Mustamäe
2,3,24741740,59432850,,242,1141,Z,149,Pelguranna
2,37,24649970,59424460,,237,1143,Z,84,Mustamäe
2,28,24733310,59411750,,226,1144,Z,19,Väike-Õismäe
2,8,24848910,59478600,,228,1145,Z,124,Väike-Õismäe
2,8,24755030,59440370,,126,1149,Z,45,Äigrumäe
2,24,24690330,59402320,,116,1153,Z,81,Estonia
2,24,24713170,59420060,,203,1158,Z,60,Kadaka
2,11,24659200,59410890,,212,1160,Z,90,Kadaka
2,11,24707640,59413080,,199,1161,Z,28,Kadaka
2,54,24895320,59447880,,88,1164,Z,9,Priisle
2,24,24714210,59421070,,23,1166,Z,17,Estonia
2,28,24652470,59412810,,209,1167,Z,97,Väike-Õismäe
2,11,24659440,59411120,,30,1168,Z,40,Kadaka
2,11,24659480,59411160,,31,1169,Z,50,Kadaka
2,24,24701040,59405450,,204,1170,Z,102,Kadaka
2,37,24659530,59411200,,42,1171,Z,50,Mustamäe
2,59,24742180,59441670,,57,1180,Z,60,Balti jaam
2,21B,24725470,59428190,,67,1187,Z,44,Balti jaam
2,41,24753460,59437840,,187,1203,Z,53,Landi
2,42,24889830,59447080,,67,1214,Z,13,Priisle
2,20A,24689530,59402600,,297,1215,Z,29,Laagri alevik
2,36,24641690,59406910,,98,1216,Z,47,Viru
2,3,24741070,59420240,,304,1222,Z,54,Vana-Lõuna
2,28,24741820,59420440,,75,1223,Z,38,Vana-Lõuna
2,85,24683120,59406770,,208,1230,Z,112,Mustamäe
2,28,24750110,59422780,,167,1232,Z,58,Vana-Lõuna
2,8,24634690,59412130,,173,1235,Z,140,Väike-Õismäe
2,54,24891440,59447940,,158,1236,Z,35,Priisle
2,54,24807590,59426240,,84,1238,Z,61,Priisle
2,41,24644250,59430620,,92,1240,Z,70,Balti jaam
2,28,24679120,59404910,,89,1243,Z,78,Vana-Lõuna
2,11,24659640,59408660,,122,1244,Z,78,Kadaka
2,20A,24736600,59409690,,35,1248,Z,72,Viru keskus
2,83,24691640,59400170,,237,1249,Z,110,Mustamäe
2,85,24683590,59407050,,27,1265,Z,169,Balti jaam
2,21,24742470,59441720,,70,1277,Z,10,Balti jaam
2,8,24880190,59490440,,124,1281,Z,13,Äigrumäe
2,24,24662900,59397910,,149,1289,Z,224,Kadaka
2,83,24735690,59429990,,235,1302,Z,80,Mustamäe
2,8,24656830,59426070,,241,1304,Z,174,Väike-Õismäe
2,18A,24670830,59374550,,247,1305,Z,75,Urda
2,42,24635600,59412680,,146,1316,Z,138,Väike-Õismäe
2,36,24700930,59388220,,73,1317,Z,151,Viru
2,45,24766510,59419460,,235,1350,Z,60,Väike-Õismäe
2,45,24719180,59391540,,66,1351,Z,17,Ülemiste
2,21A,24623080,59440140,,318,1353,Z,53,Kakumäe
2,45,24654090,59414120,,26,1354,Z,39,Ülemiste
2,8,24693370,59429570,,87,1355,Z,69,Äigrumäe
2,36,24744900,59430280,,36,1384,Z,133,Viru
2,67,24897000,59445240,,0,1401,Z,42,Seli
2,45,24678710,59391510,,332,1408,Z,120,Väike-Õismäe
2,13,24799200,59418200,,144,1415,Z,22,Väike-Õismäe
2,83,24683600,59398890,,79,1419,Z,139,Kaubamaja
2,18,24740440,59416550,,11,1421,Z,16,Viru keskus
2,40,24895360,59447670,,199,1422,Z,130,Priisle
2,67,24894360,59444970,,268,1424,Z,13,Sütiste
2,42,24650330,59418600,,311,1425,Z,113,Priisle
2,36,24635480,59412040,,124,1427,Z,116,Väike-Õismäe
2,12,24751470,59409410,,235,1428,Z,14,Väike-Õismäe
2,23,24686810,59387450,,110,1438,Z,15,Bussijaam
2,1,24759770,59439210,,24,1442,Z,90,Viru keskus
2,18A,24695000,59379420,,63,1449,Z,58,Viru keskus
2,14,24642890,59391720,,13,1474,Z,61,Vana-Pääsküla
2,11,24661160,59408110,,129,1475,Z,64,Kadaka
2,9,24660890,59408320,,133,1477,Z,30,Kadaka
2,83,24732830,59429090,,64,1486,Z,165,Kaubamaja
2,13,24895300,59447770,,100,1491,Z,45,Priisle
2,67,24684150,59395130,,137,1492,Z,131,Sütiste
2,23,24772700,59426850,,105,1494,Z,95,Bussijaam
2,66,24758940,59440160,,288,1500,Z,67,Pelguranna
2,3,24738690,59445900,,296,1506,Z,127,Pelguranna
2,13,24699930,59404190,,215,1516,Z,10,Väike-Õismäe
2,18A,24752470,59436430,,197,1518,Z,23,Urda
2,36,24682380,59389870,,339,1520,Z,26,Väike-Õismäe
2,67,24699970,59396580,,125,1546,Z,72,Seli
2,18,24732660,59406100,,206,1561,Z,79,Laagri
2,23,24730440,59419230,,166,1563,Z,78,Kadaka
2,37,24658740,59400790,,223,1742,Z,32,Mustamäe
2,21B,24707200,59428940,,295,1744,Z,35,Kakumäe
2,8,24635210,59412270,,148,1747,Z,84,Väike-Õismäe
2,8,24775690,59442600,,248,1813,Z,166,Väike-Õismäe
2,24,24658380,59410590,,353,1829,Z,240,Kadaka
2,20A,24610480,59351400,,181,1861,Z,13,Laagri alevik
2,18,24658020,59410050,,228,1888,Z,46,Viru keskus
2,9,24660000,59408950,,140,1908,Z,90,Kadaka
2,41,24740820,59440870,,46,1942,Z,24,Balti jaam
2,24,24751870,59434280,,75,1956,Z,182,Kadaka
2,41,24647600,59423860,,243,1957,Z,39,Landi
2,59,24716910,59453010,,327,1960,Z,29,Pikakari
2,24,24656140,59404950,,54,1961,Z,122,Kadaka
2,28,24658010,59410950,,300,1969,Z,112,Vana-Lõuna
2,16,24703380,59427990,,196,2032,Z,112,Väike-Õismäe
2,73,24745570,59431580,,7,2034,Z,67,Kopli liinid
2,25,24660800,59410050,,122,2061,Z,65,Reisisadama D-terminal
2,27,24640550,59412800,,317,2064,Z,62,Harkujärve
2,73,24676890,59461030,,22,2065,Z,161,Kopli liinid
2,61,24710580,59402140,,117,2068,Z,99,Järve haigla
2,81,24692950,59416670,,25,2069,Z,49,Kaubamaja
2,81,24736720,59431910,,124,2070,Z,23,Kaubamaja
2,25,24594560,59432440,,116,2073,Z,53,Reisisadama D-terminal
2,81,24696500,59420640,,204,2074,Z,134,Mustamäe
2,5,24719350,59388390,,28,2100,Z,179,Metsakooli tee
2,81,24658680,59400580,,216,2122,Z,78,Mustamäe
2,5,24878650,59454820,,260,2123,Z,136,Männiku
2,61,24662510,59411460,,67,2126,Z,36,Kotermaa
2,10,24668890,59404520,,164,2132,Z,111,Vana-Pääsküla
2,73,24747940,59427900,,73,2133,Z,92,Vana-Lõuna
2,20,24751830,59436250,,236,2134,Z,47,Pääsküla jaam
2,73,24741520,59420150,,306,2140,Z,114,Vana-Lõuna
2,12,24634830,59412690,,197,2148,Z,146,Väike-Õismäe
2,72,24719640,59426960,,38,2181,Z,199,Kopli
2,72,24690140,59399720,,78,2188,Z,225,Kopli
2,72,24681580,59398820,,259,2189,Z,98,Keskuse
2,27,24586700,59417400,,36,2194,Z,35,Laagri alevik
2,61,24615730,59404700,,212,2198,Z,20,Kotermaa
2,73,24741630,59420090,,330,2199,Z,44,Vana-Lõuna
2,32,24659420,59411690,,231,2208,Z,10,Männiku
2,61,24646920,59411090,,102,2209,Z,77,Järve haigla
2,27,24663250,59410030,,28,2212,Z,48,Harkujärve
2,32,24659550,59411710,,308,2221,Z,30,Männiku
2,33,24673950,59393660,,332,2224,Z,73,Kopli
2,4,24660880,59411420,,305,2228,Z,52,Väike-Õismäe
2,10,24660960,59411400,,110,2234,Z,124,Väike-Õismäe
2,34,24759710,59439200,,59,2246,Z,18,Viru keskus
2,61,24682430,59408870,,287,2253,Z,54,Kotermaa
2,33,24673130,59384550,,236,2254,Z,16,Männiku
2,1,24656730,59410090,,53,2255,Z,108,Viru keskus
2,5,24805290,59449540,,36,2258,Z,109,Metsakooli tee
2,5,24656870,59410340,,315,2287,Z,58,Männiku
2,20,24757600,59436260,,0,2291,Z,74,Reisisadama D-terminal
2,32,24661380,59411580,,100,2292,Z,50,Männiku
2,10,24673200,59395540,,349,2293,Z,70,Väike-Õismäe
2,14,24661250,59411670,,77,2294,Z,10,Viru keskus
2,27,24647910,59375220,,222,2307,Z,15,Laagri alevik
2,84,24680380,59399450,,148,2311,Z,90,Keskuse
2,14,24661270,59411630,,59,2323,Z,22,Viru keskus
2,2,24660580,59408570,,92,2324,Z,134,Balti jaam
2,16,24689210,59414450,,116,2331,Z,53,Tallinn-Väike
2,26,24634580,59412390,,176,2333,Z,58,Väike-Õismäe
2,4,24635680,59412440,,121,2410,Z,26,Väike-Õismäe
2,62,24615290,59396660,,93,2413,Z,39,Mäeküla
2,4,24627540,59427740,,297,2417,Z,77,Tiskre
2,26,24704110,59443280,,332,2418,Z,39,Paljassaare
2,35,24782300,59439870,,246,2440,Z,31,Pelguranna
2,2,24747390,59432940,,248,2441,Z,22,Balti jaam
2,34,24833570,59467410,,195,2459,Z,58,Viru keskus
2,81,24739800,59432370,,250,2460,Z,182,Mustamäe
2,14,24659580,59408980,,168,2471,Z,41,Vana-Pääsküla
2,72,24704270,59443090,,332,2472,Z,177,Kopli
2,1,24837980,59488370,,135,2483,Z,20,Viru keskus
2,5,24742430,59423100,,184,2497,Z,72,Männiku
2,42,24784750,59431970,,94,2501,Z,55,Priisle
2,33,24703590,59428430,,209,2502,Z,42,Männiku
2,25,24749180,59428030,,76,2504,Z,99,Reisisadama D-terminal
2,73,24723460,59450860,,93,2513,Z,140,Vana-Lõuna
2,42,24647490,59411230,,264,2515,Z,188,Väike-Õismäe
2,12,24887260,59444330,,64,2519,Z,71,Seli
2,1,24841250,59486820,,338,2523,Z,43,Viimsi keskus
2,16,24635460,59412000,,129,2525,Z,70,Väike-Õismäe
2,16,24748880,59425640,,348,2526,Z,128,Väike-Õismäe
2,81,24658720,59400580,,144,2527,Z,162,Mustamäe
2,35,24874190,59437450,,67,2543,Z,144,Seli
2,10,24635350,59412180,,125,2556,Z,48,Väike-Õismäe
2,81,24658470,59401160,,305,2566,Z,106,Mustamäe
2,1,24775690,59439130,,262,2580,Z,120,Viru keskus
2,5,24717930,59366050,,353,2591,Z,22,Männiku
2,26,24659730,59409750,,152,2600,Z,84,Väike-Õismäe
2,18,24759550,59439170,,74,2614,Z,34,Viru keskus
2,32,24656450,59409990,,233,2618,Z,20,Männiku
2,84,24709060,59414670,,19,2635,Z,57,Balti jaam
2,25,24682200,59429210,,256,2641,Z,80,Tiskre
2,72,24708790,59414760,,200,2643,Z,72,Keskuse
2,20,24763200,59443230,,262,2645,Z,62,Reisisadama D-terminal
2,2,24741050,59441490,,252,2647,Z,118,Balti jaam
2,46,24660840,59411430,,313,2648,Z,28,Väike-Õismäe
2,16,24751390,59416630,,271,2650,Z,15,Tallinn-Väike
2,46,24656590,59410020,,187,2660,Z,96,Väike-Õismäe
2,72,24679990,59399530,,142,2662,Z,22,Keskuse
2,16,24635150,59412240,,146,2668,Z,142,Väike-Õismäe
2,20,24643220,59392530,,192,2671,Z,31,Pääsküla jaam
2,72,24680270,59399610,,141,2672,Z,46,Keskuse
2,72,24701370,59445730,,151,2677,Z,150,Keskuse
2,20,24647220,59400700,,27,2684,Z,14,Reisisadama D-terminal
2,72,24659630,59410710,,42,2701,Z,242,Keskuse
2,5,24803290,59448600,,216,2707,Z,90,Männiku
2,2,24806200,59408370,,261,2721,Z,100,Balti jaam
2,84,24661260,59411690,,0,2724,Z,148,Keskuse
2,10,24634570,59375350,,15,2726,Z,32,Väike-Õismäe
2,14,24661910,59411090,,306,2727,Z,32,Viru keskus
2,84,24697410,59402660,,221,2728,Z,124,Keskuse
2,4,24644500,59423630,,108,2729,Z,100,Väike-Õismäe
2,5,24717190,59371770,,193,2730,Z,46,Männiku
2,10,24646670,59386440,,312,2731,Z,89,Vana-Pääsküla
2,57,24719490,59388480,,33,2732,Z,73,Kalev
2,27,24626390,59351170,,91,2752,Z,82,Harkujärve
2,54,24739470,59432300,,248,2757,Z,108,Väike-Õismäe
2,26,24705660,59429570,,234,2770,Z,20,Väike-Õismäe
2,5,24746500,59433870,,23,2773,Z,153,Metsakooli tee
2,84,24739510,59440560,,244,2775,Z,27,Balti jaam
2,33,24715530,59433170,,24,2777,Z,55,Kopli
2,72,24670070,59460470,,123,2849,Z,124,Keskuse
2,34,24757250,59437320,,213,2861,Z,91,Muuga aedlinn
2,54,24722240,59427570,,69,2897,Z,87,Priisle
2,13,24831850,59449200,,199,2915,Z,34,Väike-Õismäe
2,73,24726630,59451190,,279,3008,Z,185,Kopli liinid
2,34,24941360,59473090,,83,3011,Z,75,Muuga aedlinn
2,67,24709890,59405690,,207,3013,Z,27,Sütiste
2,35,24711070,59436570,,332,3014,Z,93,Pelguranna
2,42,24876430,59442860,,89,3018,Z,37,Priisle
2,34,24808460,59453350,,17,3020,Z,119,Muuga aedlinn
2,40,24796840,59443290,,258,3021,Z,105,Pelguranna
2,15,24761570,59432980,,135,3023,Z,23,Sõjamäe
2,60,24893580,59448530,,336,3024,Z,129,Maneezi
2,48,24896680,59447700,,333,3029,Z,48,Pirita keskus
2,46,24842250,59432750,,76,3030,Z,37,Seli
2,66,24842690,59432790,,127,3031,Z,98,Priisle
2,9,24840990,59431490,,164,3032,Z,63,Priisle
2,42,24728640,59429280,,286,3033,Z,206,Väike-Õismäe
2,40,24707540,59439920,,150,3036,Z,48,Priisle
2,50,24801070,59426960,,222,3060,Z,67,Majaka põik
2,60,24840300,59431700,,247,3062,Z,146,Seli
2,13,24637850,59412670,,111,3063,Z,97,Priisle
2,42,24772400,59433720,,280,3067,Z,222,Väike-Õismäe
2,18A,24759440,59439270,,33,3086,Z,38,Viru keskus
2,58,24878880,59445220,,338,3101,Z,28,Priisle
2,29,24849600,59451300,,254,3105,Z,36,Viru keskus
2,9,24840820,59431700,,176,3135,Z,19,Priisle
2,3,24841050,59432180,,244,3154,Z,36,Vana-Lõuna
2,15,24801900,59420320,,92,3182,Z,119,Sõjamäe
2,9,24840920,59431870,,228,3190,Z,81,Priisle
2,13,24857720,59451180,,94,3201,Z,59,Priisle
2,5,24658280,59410430,,274,3206,Z,166,Männiku
2,16,24642720,59419290,,237,3207,Z,84,Väike-Õismäe
2,46,24840740,59431920,,228,3211,Z,69,Seli
2,48,24833750,59467790,,209,3213,Z,30,Pirita keskus
2,44,24838000,59435030,,253,3218,Z,89,P. Pinna
2,29,24830250,59439450,,85,3229,Z,17,Priisle
2,31,24843670,59435790,,75,3245,Z,120,Priisle
2,44,24759280,59439150,,43,3261,Z,26,Viru keskus
2,58,24811600,59432360,,70,3267,Z,84,Priisle
2,12,24635910,59412590,,113,3270,Z,123,Seli
2,49,24839610,59424130,,340,3274,Z,48,Viimsi keskus
2,6,24848060,59488960,,82,3275,Z,28,Merivälja Pansion
2,66,24886400,59444560,,251,3276,Z,15,Pelguranna
2,66,24883390,59443390,,66,3278,Z,48,Priisle
2,63,24895330,59447750,,67,3280,Z,24,Priisle
2,31,24840320,59432550,,269,3283,Z,136,Priisle
2,40,24746300,59433060,,279,3296,Z,89,Pelguranna
2,55,24757570,59437950,,215,3298,Z,21,P. Pinna
2,31,24777910,59433030,,103,3303,Z,16,Priisle
2,49,24828540,59504410,,13,3306,Z,64,Viimsi keskus
2,44,24774630,59438860,,74,3310,Z,121,P. Pinna
2,48,24880550,59449430,,98,3313,Z,81,Vesse
2,54,24841460,59431660,,149,3318,Z,125,Priisle
2,48,24846220,59431910,,68,3319,Z,15,Vesse
2,67,24897040,59445250,,340,3321,Z,154,Seli
2,40,24871840,59443120,,266,3322,Z,163,Pelguranna
2,12,24896900,59445240,,324,3360,Z,53,Seli
2,60,24779180,59439330,,76,3365,Z,76,Seli
2,38,24895240,59474090,,254,3378,Z,32,Viru keskus
2,3,24741640,59420140,,315,3380,Z,18,Vana-Lõuna
2,59,24661240,59408520,,98,3381,Z,86,Balti jaam
2,54,24623220,59407640,,78,3388,Z,23,Priisle
2,35,24896780,59445170,,32,3391,Z,126,Seli
2,60,24897040,59445410,,306,3392,Z,22,Seli
2,85,24700970,59425210,,27,3393,Z,143,Balti jaam
2,44,24842340,59432220,,155,3394,Z,144,Viru keskus
2,40,24697880,59448940,,333,3395,Z,71,Pelguranna
2,40,24755410,59435340,,87,3399,Z,58,Priisle
2,16,24740070,59431840,,48,3400,Z,33,Tallinn-Väike
2,7,24900480,59441740,,202,3420,Z,108,Seli
2,32,24669240,59410350,,283,3430,Z,40,Männiku
2,31,24790060,59433920,,235,3432,Z,37,Estonia
2,3,24718610,59452180,,131,3433,Z,72,Vana-Lõuna
2,46,24842520,59431950,,185,3434,Z,17,Seli
2,50,24892480,59444320,,190,3436,Z,101,Majaka põik
2,7,24865140,59416090,,297,3447,Z,18,Seli
2,39,24815210,59444490,,39,3450,Z,55,Liikuri
2,39,24840990,59432370,,206,3457,Z,74,Vana-Lõuna
2,39,24749440,59424360,,168,3458,Z,26,Vana-Lõuna
2,35,24857910,59436710,,340,3468,Z,109,Pelguranna
2,40,24815410,59444970,,57,3469,Z,14,Priisle
2,12,24832320,59439870,,265,3470,Z,38,Väike-Õismäe
2,15,24784590,59424680,,311,3485,Z,50,Estonia
2,12,24659850,59413460,,318,3487,Z,164,Väike-Õismäe
2,67,24752450,59433690,,304,3488,Z,57,Sütiste
2,42,24839860,59432440,,232,3490,Z,125,Priisle
2,33,24718180,59366330,,3,3499,Z,90,Männiku
2,7,24814360,59432110,,265,3511,Z,39,Sõjamäe
2,49,24798650,59418360,,178,3512,Z,15,Lennujaam
2,35,24740500,59431960,,49,3517,Z,48,Seli
2,36,24736900,59410440,,202,3528,Z,100,Väike-Õismäe
2,61,24615550,59404590,,212,3529,Z,120,Kotermaa
2,2,24757300,59433900,,119,3530,Z,47,Mõigu
2,49,24844280,59432610,,22,3531,Z,75,Lennujaam
2,46,24842450,59432840,,69,3532,Z,53,Seli
2,54,24830170,59428400,,251,3533,Z,120,Väike-Õismäe
2,85,24728970,59436480,,270,3535,Z,86,Mustamäe
2,35,24801900,59443390,,86,3536,Z,62,Seli
2,44,24796530,59443250,,263,3539,Z,58,Viru keskus
2,35,24695040,59443950,,92,3541,Z,80,Seli
2,13,24656110,59414380,,326,3547,Z,120,Väike-Õismäe
2,13,24698830,59403150,,44,3548,Z,85,Priisle
2,15,24834250,59418070,,303,3550,Z,146,Estonia
2,49,24819750,59444050,,107,3558,Z,33,Lennujaam
2,54,24641940,59404950,,95,3562,Z,98,Väike-Õismäe
2,42,24864510,59442280,,252,3564,Z,246,Väike-Õismäe
2,3,24737480,59431730,,121,3573,Z,108,Vana-Lõuna
2,45,24663810,59410510,,140,3574,Z,108,Väike-Õismäe
2,50,24877570,59439960,,65,3576,Z,30,Seli
2,24,24644470,59399870,,237,3577,Z,163,Estonia
2,1,24773150,59438690,,72,3579,Z,67,Viimsi keskus
2,67,24833190,59439570,,85,3581,Z,142,Seli
2,13,24803210,59420300,,92,3582,Z,71,Priisle
2,13,24656260,59409850,,105,3583,Z,130,Väike-Õismäe
2,46,24897160,59444990,,27,3585,Z,87,Seli
2,55,24788910,59429140,,302,3586,Z,42,Hobujaama
2,50,24897220,59444970,,1,3593,Z,138,Seli
2,55,24857780,59436830,,341,3594,Z,63,P. Pinna
2,60,24869520,59449600,,70,3644,Z,48,Seli
2,58,24851400,59440810,,278,3670,Z,151,Majaka põik
2,12,24801240,59426930,,6,3702,Z,87,Seli
2,42,24635840,59412540,,131,3703,Z,173,Priisle
2,31,24861860,59443860,,242,3715,Z,59,Estonia
2,58,24895210,59447860,,68,3763,Z,116,Priisle
2,48,24840000,59432670,,227,3779,Z,59,Vesse
2,46,24889350,59443330,,63,3788,Z,105,Seli
2,66,24775650,59442430,,67,3790,Z,32,Priisle
2,42,24750890,59434130,,53,3792,Z,71,Priisle
2,63,24802460,59443340,,95,3794,Z,56,Priisle
2,63,24810610,59443010,,236,3810,Z,85,Maneezi
2,66,24687160,59443340,,191,3898,Z,86,Priisle
2,60,24797160,59443270,,260,3920,Z,103,Maneezi
2,67,24797970,59435280,,277,3929,Z,87,Sütiste
