3,1,24727380,59442390,,115,96,Z,39,Kadriorg
3,5,24669310,59461210,,314,98,Z,76,Kopli
3,1,24759000,59437260,,89,99,Z,205,Kadriorg
3,2,24760420,59434900,,335,102,Z,74,Kopli
3,2,24762920,59433160,,147,123,Z,173,Suur-Paala
3,1,24669020,59461350,,316,136,false,72,Kopli
3,1,24769080,59438120,,252,138,false,150,Kopli
3,2,24669010,59461290,,314,148,Z,242,Kopli
3,5,24752250,59442050,,334,181,false,100,Kopli
3,5,24743690,59421140,,219,507,Z,23,Vana-Lõuna
3,3,24733930,59410850,,198,508,Z,106,Tondi
3,4,24753130,59436600,,56,510,Z,125,Suur-Paala
3,4,24736170,59409880,,129,513,Z,147,Suur-Paala
3,3,24754360,59437070,,263,515,Z,158,Tondi
3,4,24778650,59427500,,272,516,Z,46,Tondi
3,2,24750240,59443360,,111,519,Z,195,Suur-Paala
3,4,24786640,59429850,,120,520,Z,97,Suur-Paala
3,2,24681230,59455090,,134,522,false,213,Suur-Paala
3,5,24709060,59450530,,140,523,false,49,Vana-Lõuna
3,3,24743080,59428970,,7,525,false,49,Kadriorg
3,2,24803660,59426310,,264,526,false,130,Kopli
3,4,24813920,59426800,,249,528,false,76,Tondi
3,2,24745620,59419310,,118,529,false,18,Pärnu mnt depoo
3,1,24676480,59457550,,316,530,false,96,Kopli
3,1,24740400,59441550,,235,531,false,126,Kopli
3,2,24742560,59424970,,183,534,false,56,Pärnu mnt depoo
3,4,24740600,59417290,,192,535,false,230,Tondi
3,2,24726150,59442690,,295,537,false,34,Kopli
3,4,24733850,59410870,,213,542,false,176,Tondi
3,2,24808470,59426530,,83,543,false,151,Suur-Paala
2,83,24706560,59411720,,202,1003,Z,52,Mustamäe
2,12,24827300,59437720,,148,1009,Z,106,Väike-Õismäe
2,8,24658200,59410290,,30,1012,Z,56,Väike-Õismäe
2,23,24658240,59410310,,28,1013,Z,134,Kadaka
2,23,24656070,59405040,,62,1014,Z,60,Kadaka
2,42,24886830,59446470,,69,1016,Z,155,Priisle
2,12,24658900,59411040,,209,1017,Z,24,Väike-Õismäe
2,42,24658290,59410370,,205,1018,Z,24,Väike-Õismäe
2,23,24657260,59409550,,176,1019,Z,126,Kadaka
2,23,24745380,59427470,,79,1022,Z,41,Bussijaam
2,40,24855270,59442500,,246,1023,Z,31,Pelguranna
2,23,24658410,59410480,,147,1024,Z,26,Kadaka
2,67,24765020,59427950,,285,1028,Z,101,Sütiste
2,36,24735680,59409230,,206,1029,Z,66,Väike-Õismäe
2,8,24658550,59410560,,210,1031,Z,152,Väike-Õismäe
2,42,24776690,59433250,,284,1099,Z,98,Väike-Õismäe
2,24,24751950,59433990,,102,1108,Z,40,Kadaka
2,45,24660950,59411320,,77,1109,Z,76,Väike-Õismäe
2,9,24661090,59411300,,82,1112,Z,52,Kadaka
2,24,24654990,59403690,,45,1115,Z,142,Kadaka
2,21A,24627800,59428190,,129,1117,Z,28,Väike-Õismäe
2,11,24661280,59411200,,107,1118,Z,14,Kadaka
2,85,24687070,59410670,,205,1121,Z,54,Mustamäe
2,3,24741740,59420270,,332,1141,Z,150,Vana-Lõuna
2,37,24657630,59415190,,325,1143,Z,85,Zoo
2,28,24741730,59420080,,313,1144,Z,20,Vana-Lõuna
2,8,24635330,59412220,,140,1145,Z,124,Väike-Õismäe
2,8,24763390,59440120,,251,1149,Z,46,Väike-Õismäe
2,8,24846250,59476030,,32,1152,Z,109,Äigrumäe
2,45,24796370,59423100,,270,1157,Z,94,Väike-Õismäe
2,24,24656130,59394680,,105,1158,Z,61,Estonia
2,11,24659170,59410910,,212,1160,Z,90,Kadaka
2,11,24659210,59410950,,197,1161,Z,28,Kadaka
2,54,24642750,59404890,,96,1164,Z,10,Väike-Õismäe
2,24,24656060,59404950,,70,1166,Z,18,Kadaka
2,28,24741910,59420130,,305,1167,Z,98,Vana-Lõuna
2,24,24687400,59403120,,120,1170,Z,103,Estonia
2,59,24742340,59441700,,56,1180,Z,62,Balti jaam
2,21,24740480,59432450,,241,1187,Z,59,Landi
2,41,24720540,59433620,,69,1203,Z,54,Balti jaam
2,41,24609060,59446350,,129,1204,Z,10,Balti jaam
2,42,24635840,59412510,,126,1214,Z,14,Väike-Õismäe
2,20A,24726260,59402570,,76,1215,Z,30,Viru keskus
2,36,24678840,59391450,,330,1216,Z,48,Väike-Õismäe
2,3,24739720,59445650,,294,1222,Z,55,Pelguranna
2,28,24718260,59410470,,113,1223,Z,40,Vana-Lõuna
2,85,24725070,59434530,,65,1230,Z,113,Balti jaam
2,28,24639700,59416430,,199,1232,Z,60,Vana-Lõuna
2,24,24715000,59422220,,200,1233,Z,204,Kadaka
2,8,24754390,59440610,,141,1235,Z,141,Äigrumäe
2,54,24729350,59429200,,303,1236,Z,36,Väike-Õismäe
2,54,24812170,59426600,,264,1238,Z,62,Väike-Õismäe
2,41,24741550,59441670,,59,1240,Z,70,Balti jaam
2,21,24610620,59445670,,310,1242,Z,25,Landi
2,28,24704940,59409770,,202,1243,Z,79,Väike-Õismäe
2,11,24659740,59408710,,113,1244,Z,78,Kadaka
2,83,24711510,59418000,,23,1249,Z,111,Kaubamaja
2,85,24658690,59400700,,161,1265,Z,170,Mustamäe
2,21,24678070,59428370,,75,1277,Z,12,Balti jaam
2,8,24634390,59413020,,291,1281,Z,14,Väike-Õismäe
2,24,24713210,59419900,,26,1289,Z,225,Estonia
2,83,24751210,59434330,,323,1302,Z,82,Mustamäe
2,18A,24759340,59438890,,27,1305,Z,76,Viru keskus
2,23,24746340,59432970,,270,1315,Z,116,Kadaka
2,42,24895440,59447510,,188,1316,Z,139,Priisle
2,36,24635460,59412010,,113,1317,Z,152,Väike-Õismäe
2,45,24713710,59390210,,72,1350,Z,61,Ülemiste
2,21A,24634690,59412340,,999,1353,Z,55,Kakumäe
2,45,24668270,59409980,,20,1354,Z,40,Väike-Õismäe
2,8,24832780,59466710,,220,1355,Z,70,Väike-Õismäe
2,67,24721080,59427500,,250,1401,Z,43,Sütiste
2,45,24660880,59412150,,349,1408,Z,120,Väike-Õismäe
2,13,24634590,59411840,,187,1415,Z,23,Priisle
2,83,24671530,59397350,,77,1419,Z,141,Kaubamaja
2,18,24721620,59391070,,204,1421,Z,17,Laagri
2,40,24687630,59444140,,176,1422,Z,131,Pelguranna
2,42,24866730,59442600,,254,1425,Z,114,Väike-Õismäe
2,23,24655940,59405080,,999,1426,Z,97,
2,36,24707960,59389190,,75,1427,Z,117,Viru
2,12,24700530,59405040,,121,1428,Z,15,Seli
2,23,24710620,59398150,,192,1438,Z,16,Kadaka
2,67,24897240,59444970,,8,1439,Z,120,Seli
2,1,24810690,59456830,,207,1442,Z,92,Viru keskus
2,18A,24745640,59432010,,183,1449,Z,59,Urda
2,14,24661120,59408110,,130,1474,Z,61,Vana-Pääsküla
2,11,24661150,59408130,,134,1475,Z,64,Kadaka
2,13,24692560,59401840,,295,1491,Z,46,Väike-Õismäe
2,67,24658660,59410660,,207,1492,Z,131,Sütiste
2,23,24656130,59404960,,58,1494,Z,96,Kadaka
2,20A,24609070,59352600,,316,1496,Z,46,Viru keskus
2,66,24856980,59438190,,68,1500,Z,68,Priisle
2,3,24742410,59420270,,108,1506,Z,129,Pelguranna
2,13,24715170,59402190,,92,1516,Z,11,Priisle
2,18A,24686080,59377530,,69,1518,Z,24,Viru keskus
2,36,24646380,59407430,,53,1520,Z,27,Viru
2,18,24737430,59410490,,26,1561,Z,80,Viru keskus
2,23,24716760,59404930,,42,1563,Z,79,Bussijaam
2,37,24658730,59400790,,172,1742,Z,34,Mustamäe
2,21B,24742250,59441610,,57,1744,Z,36,Balti jaam
2,8,24890800,59481290,,92,1747,Z,86,Väike-Õismäe
2,20A,24698280,59403090,,215,1772,Z,61,Laagri alevik
2,8,24695290,59429510,,94,1813,Z,167,Äigrumäe
2,20A,24759360,59439140,,27,1861,Z,14,Viru keskus
2,9,24660020,59408920,,140,1908,Z,90,Kadaka
2,41,24682950,59429310,,257,1942,Z,25,Landi
2,24,24656200,59404940,,69,1956,Z,183,Estonia
2,59,24699050,59456490,,3,1960,Z,31,Pikakari
2,24,24682570,59404520,,296,1961,Z,124,Kadaka
2,28,24660240,59408700,,134,1969,Z,112,Vana-Lõuna
2,16,24658770,59409860,,133,2032,Z,112,Väike-Õismäe
2,73,24741380,59420340,,304,2034,Z,68,Vana-Lõuna
2,2,24738870,59432230,,248,2035,Z,76,Balti jaam
2,25,24659230,59408860,,160,2061,Z,65,Reisisadama D-terminal
2,27,24629530,59361750,,168,2064,Z,63,Laagri alevik
2,73,24742240,59419610,,356,2065,Z,163,Kopli liinid
2,61,24643430,59406820,,337,2068,Z,101,Järve haigla
2,81,24658680,59400550,,999,2069,Z,51,Kaubamaja
2,81,24700770,59425010,,27,2070,Z,25,Kaubamaja
2,25,24764280,59443400,,275,2073,Z,53,Reisisadama D-terminal
2,81,24733480,59434200,,335,2074,Z,136,Mustamäe
2,5,24784100,59440260,,246,2100,Z,180,Männiku
2,81,24659750,59401330,,227,2122,Z,80,Mustamäe
2,10,24681930,59404700,,298,2132,Z,112,Väike-Õismäe
2,73,24706090,59453920,,264,2133,Z,93,Kopli liinid
2,20,24647050,59400670,,32,2134,Z,48,Reisisadama D-terminal
2,73,24676260,59460370,,62,2140,Z,115,Kopli liinid
2,12,24898010,59444990,,165,2148,Z,147,Seli
2,72,24679860,59399680,,155,2181,Z,200,Keskuse
2,72,24680370,59399510,,147,2188,Z,226,Keskuse
2,72,24680200,59455550,,311,2189,Z,99,Kopli
2,27,24653080,59377830,,46,2194,Z,36,Harkujärve
2,61,24697870,59398600,,8,2198,Z,22,Kotermaa
2,73,24722070,59450770,,129,2199,Z,46,Vana-Lõuna
2,61,24615530,59404590,,215,2209,Z,78,Kotermaa
2,27,24661460,59411580,,63,2212,Z,48,Harkujärve
2,32,24660960,59411060,,136,2221,Z,30,Männiku
2,33,24673240,59394910,,170,2224,Z,74,Männiku
2,10,24660930,59411400,,110,2234,Z,124,Väike-Õismäe
2,34,24920300,59477410,,225,2246,Z,20,Viru keskus
2,61,24695550,59400390,,138,2253,Z,55,Järve haigla
2,33,24718170,59365950,,39,2254,Z,16,Männiku
2,1,24656760,59410000,,53,2255,Z,108,Viru keskus
2,5,24717720,59366830,,180,2258,Z,110,Männiku
2,20,24661110,59411770,,60,2291,Z,74,Reisisadama D-terminal
2,10,24655680,59415160,,54,2293,Z,71,Vana-Pääsküla
2,27,24601680,59415930,,281,2307,Z,16,Harkujärve
2,84,24680120,59399750,,136,2311,Z,92,Keskuse
2,14,24661280,59411650,,18,2323,Z,22,Viru keskus
2,10,24638810,59383310,,12,2330,Z,18,Väike-Õismäe
2,16,24696820,59420990,,205,2331,Z,54,Väike-Õismäe
2,26,24644010,59419640,,238,2333,Z,60,Väike-Õismäe
2,4,24635250,59412240,,138,2410,Z,28,Väike-Õismäe
2,62,24635140,59412270,,204,2413,Z,42,Väike-Õismäe
2,4,24562650,59432500,,125,2417,Z,80,Väike-Õismäe
2,26,24646130,59411100,,102,2418,Z,41,Paljassaare
2,35,24813940,59444460,,44,2440,Z,32,Seli
2,2,24797220,59415780,,331,2441,Z,24,Balti jaam
2,34,24657970,59409140,,239,2459,Z,58,Viru keskus
2,1,24807530,59451800,,20,2483,Z,21,Viimsi keskus
2,5,24759490,59437210,,89,2497,Z,73,Metsakooli tee
2,42,24691020,59429870,,272,2501,Z,56,Väike-Õismäe
2,33,24659760,59409450,,180,2502,Z,42,Männiku
2,25,24637230,59425180,,290,2504,Z,100,Tiskre
2,73,24752580,59436350,,57,2513,Z,141,Kopli liinid
2,42,24755880,59435500,,85,2515,Z,189,Priisle
2,12,24654190,59415890,,318,2519,Z,72,Väike-Õismäe
2,1,24759640,59439210,,30,2523,Z,44,Viru keskus
2,16,24750090,59433840,,43,2525,Z,71,Tallinn-Väike
2,16,24667100,59411830,,40,2526,Z,129,Tallinn-Väike
2,81,24745440,59432930,,81,2527,Z,163,Kaubamaja
2,35,24815170,59445070,,234,2543,Z,145,Pelguranna
2,10,24642090,59387140,,271,2556,Z,49,Vana-Pääsküla
2,33,24704570,59428880,,30,2557,Z,109,Kopli
2,81,24696670,59420810,,205,2566,Z,108,Mustamäe
2,5,24863390,59457250,,306,2591,Z,24,Männiku
2,26,24659570,59409100,,106,2600,Z,84,Väike-Õismäe
2,18,24626750,59350310,,204,2614,Z,35,Laagri
2,84,24704020,59408300,,24,2635,Z,59,Balti jaam
2,72,24694220,59451740,,144,2643,Z,74,Keskuse
2,20,24643770,59394000,,193,2645,Z,63,Pääsküla jaam
2,2,24767730,59431650,,114,2647,Z,119,Mõigu
2,16,24635070,59412270,,141,2650,Z,16,Väike-Õismäe
2,72,24697320,59402600,,220,2662,Z,24,Keskuse
2,16,24758770,59430700,,358,2668,Z,144,Väike-Õismäe
2,20,24755850,59434150,,177,2671,Z,32,Reisisadama D-terminal
2,72,24718470,59426280,,210,2672,Z,48,Keskuse
2,72,24705100,59409650,,23,2677,Z,151,Kopli
2,25,24673740,59427910,,83,2683,Z,27,Reisisadama D-terminal
2,20,24756070,59437270,,264,2684,Z,15,Pääsküla jaam
2,73,24746670,59434070,,223,2690,Z,22,Vana-Lõuna
2,72,24660450,59408520,,115,2701,Z,242,Keskuse
2,16,24748240,59413170,,201,2705,Z,99,Tallinn-Väike
2,5,24724290,59393150,,23,2707,Z,91,Metsakooli tee
2,36,24743900,59429500,,27,2720,Z,87,Viru
2,2,24662130,59411250,,308,2721,Z,100,Balti jaam
2,84,24662000,59411180,,150,2724,Z,148,Keskuse
2,10,24661260,59411700,,331,2726,Z,32,Väike-Õismäe
2,14,24661890,59411060,,306,2727,Z,32,Viru keskus
2,84,24705190,59410090,,202,2728,Z,126,Keskuse
2,4,24661860,59411040,,314,2729,Z,100,Väike-Õismäe
2,5,24822140,59458290,,106,2730,Z,47,Metsakooli tee
2,10,24635420,59412040,,137,2731,Z,90,Väike-Õismäe
2,57,24723710,59392630,,43,2732,Z,75,Kalev
2,27,24593920,59417730,,109,2752,Z,83,Laagri alevik
2,54,24647750,59411060,,94,2757,Z,109,Priisle
2,33,24674910,59379810,,337,2764,Z,31,Kopli
2,26,24703660,59453540,,24,2770,Z,21,Paljassaare
2,5,24742470,59424150,,179,2773,Z,154,Männiku
2,84,24740590,59441100,,45,2775,Z,29,Balti jaam
2,57,24763920,59362620,,141,2776,Z,36,Raudalu
2,33,24717980,59365390,,178,2777,Z,56,Männiku
2,34,24875190,59470710,,44,2789,Z,41,Muuga aedlinn
2,72,24715520,59433170,,325,2849,Z,125,Kopli
2,34,24800130,59446480,,218,2861,Z,91,Muuga aedlinn
2,54,24892400,59448910,,305,2897,Z,88,Väike-Õismäe
2,13,24635400,59411970,,151,2915,Z,34,Väike-Õismäe
2,34,24761120,59437280,,85,3011,Z,77,Muuga aedlinn
2,67,24775040,59427900,,65,3013,Z,28,Seli
2,35,24892320,59443950,,66,3014,Z,94,Seli
2,42,24651170,59418090,,139,3018,Z,38,Väike-Õismäe
2,34,24759360,59439180,,49,3020,Z,120,Viru keskus
2,40,24782350,59439810,,72,3021,Z,106,Priisle
2,15,24778460,59427390,,316,3023,Z,24,Estonia
2,60,24896880,59445240,,324,3024,Z,130,Seli
2,48,24859400,59441380,,253,3029,Z,49,Vesse
2,46,24841170,59431400,,204,3030,Z,37,Seli
2,66,24841020,59431460,,202,3031,Z,98,Priisle
2,42,24709000,59428370,,117,3033,Z,207,Priisle
2,40,24895310,59447670,,192,3036,Z,48,Priisle
2,40,24736800,59431920,,248,3044,Z,147,Pelguranna
2,50,24824460,59432970,,253,3060,Z,69,Majaka põik
2,13,24861820,59448640,,156,3063,Z,97,Priisle
2,42,24645000,59422350,,48,3067,Z,223,Priisle
2,54,24664600,59427110,,76,3072,Z,75,Priisle
2,18A,24636060,59364800,,258,3086,Z,39,Urda
2,58,24880650,59443620,,267,3101,Z,30,Priisle
2,7,24833780,59418210,,123,3102,Z,81,Sõjamäe
2,29,24885780,59453920,,126,3105,Z,37,Priisle
2,3,24840920,59432160,,129,3154,Z,36,Vana-Lõuna
2,15,24780620,59426160,,138,3182,Z,121,Sõjamäe
2,13,24802260,59420800,,70,3201,Z,60,Väike-Õismäe
2,5,24658280,59410440,,303,3206,Z,166,Männiku
2,16,24658300,59410460,,162,3207,Z,84,Väike-Õismäe
2,44,24846070,59444210,,107,3218,Z,91,P. Pinna
2,29,24891110,59449300,,302,3229,Z,18,Viru keskus
2,31,24817880,59435520,,56,3245,Z,121,Estonia
2,29,24757710,59435710,,281,3251,Z,56,Viru keskus
2,31,24827250,59433330,,72,3260,Z,82,Priisle
2,44,24759550,59439140,,83,3261,Z,28,Viru keskus
2,58,24807310,59430150,,45,3267,Z,86,Priisle
2,49,24829110,59435810,,157,3274,Z,49,Lennujaam
2,66,24750300,59443450,,69,3276,Z,16,Priisle
2,66,24721250,59433810,,250,3278,Z,49,Pelguranna
2,63,24895020,59448190,,66,3280,Z,26,Priisle
2,31,24842490,59432830,,268,3283,Z,136,Priisle
2,40,24849240,59441120,,143,3296,Z,90,Priisle
2,55,24761280,59435240,,286,3298,Z,22,Hobujaama
2,31,24859760,59451030,,141,3303,Z,19,Estonia
2,7,24804850,59428810,,49,3308,Z,62,Seli
2,44,24756300,59435100,,10,3310,Z,123,P. Pinna
2,48,24860650,59450480,,341,3313,Z,82,Pirita keskus
2,48,24850720,59467140,,115,3319,Z,17,Vesse
2,3,24712650,59453670,,100,3320,Z,92,Vana-Lõuna
2,67,24691850,59400210,,239,3321,Z,155,Sütiste
2,40,24725440,59434570,,69,3322,Z,164,Priisle
2,38,24885260,59483610,,142,3349,Z,20,Viru keskus
2,12,24635960,59412530,,120,3360,Z,54,Väike-Õismäe
2,60,24824250,59447560,,246,3365,Z,77,Maneezi
2,31,24757470,59435570,,83,3374,Z,102,Priisle
2,38,24842530,59432900,,249,3378,Z,32,Viru keskus
2,54,24849230,59436710,,70,3379,Z,49,Priisle
2,3,24742880,59432680,,64,3380,Z,20,Vana-Lõuna
2,13,24809610,59420300,,91,3382,Z,109,Priisle
2,54,24895200,59447870,,76,3388,Z,23,Priisle
2,35,24728890,59429290,,303,3391,Z,127,Pelguranna
2,60,24854680,59451870,,95,3392,Z,24,Seli
2,85,24683740,59407220,,27,3393,Z,145,Balti jaam
2,40,24888320,59446840,,63,3395,Z,72,Priisle
2,16,24637590,59412900,,295,3400,Z,34,Väike-Õismäe
2,7,24841310,59431830,,234,3420,Z,108,Seli
2,32,24660820,59408620,,137,3430,Z,40,Männiku
2,31,24895190,59447830,,163,3432,Z,38,Priisle
2,3,24842700,59432850,,103,3433,Z,72,Vana-Lõuna
2,50,24896800,59445260,,16,3436,Z,102,Seli
2,7,24830480,59439850,,265,3447,Z,19,Sõjamäe
2,39,24822630,59442210,,151,3450,Z,57,Liikuri
2,39,24840660,59432310,,139,3457,Z,74,Vana-Lõuna
2,35,24738710,59431040,,48,3468,Z,110,Seli
2,40,24777740,59439290,,256,3469,Z,15,Pelguranna
2,12,24636530,59412780,,66,3470,Z,39,Seli
2,35,24688750,59444130,,121,3479,Z,15,Pelguranna
2,15,24811530,59423010,,271,3485,Z,52,Estonia
2,12,24814230,59432020,,84,3487,Z,165,Seli
2,67,24726070,59423350,,26,3488,Z,58,Seli
2,33,24712080,59435480,,151,3499,Z,92,Männiku
2,49,24829730,59506480,,203,3512,Z,17,Lennujaam
2,35,24881850,59441890,,246,3517,Z,49,Pelguranna
2,36,24660970,59408450,,127,3528,Z,100,Väike-Õismäe
2,61,24631550,59409850,,217,3529,Z,122,Kotermaa
2,2,24741950,59441800,,60,3530,Z,48,Balti jaam
2,49,24842400,59432080,,192,3531,Z,75,Lennujaam
2,46,24842380,59432100,,169,3532,Z,53,Seli
2,85,24733050,59436690,,204,3535,Z,88,Mustamäe
2,44,24816340,59445500,,237,3539,Z,60,Viru keskus
2,35,24842710,59431900,,193,3541,Z,80,Seli
2,13,24661680,59408250,,22,3547,Z,121,Priisle
2,13,24895390,59447600,,146,3548,Z,85,Priisle
2,15,24865850,59416290,,268,3550,Z,147,Sõjamäe
2,1,24829960,59506480,,20,3551,Z,139,Viimsi keskus
2,49,24819040,59446340,,330,3558,Z,34,Viimsi keskus
2,54,24758720,59429090,,110,3562,Z,99,Priisle
2,42,24635930,59412570,,113,3564,Z,246,Väike-Õismäe
2,3,24661070,59408530,,127,3573,Z,108,Vana-Lõuna
2,45,24660540,59408440,,115,3574,Z,108,Väike-Õismäe
2,50,24896950,59445250,,0,3576,Z,32,Seli
2,24,24644230,59394740,,254,3577,Z,164,Kadaka
2,1,24762990,59437360,,260,3579,Z,68,Viru keskus
2,67,24871650,59443110,,266,3581,Z,143,Sütiste
2,13,24822270,59442540,,154,3582,Z,72,Väike-Õismäe
2,46,24842300,59432170,,251,3585,Z,87,Seli
2,55,24853410,59437430,,68,3586,Z,44,Hobujaama
2,50,24849800,59436820,,69,3593,Z,140,Seli
2,55,24770500,59434030,,101,3594,Z,65,P. Pinna
2,15,24812850,59422910,,81,3625,Z,79,Sõjamäe
2,60,24760760,59437130,,88,3644,Z,50,Seli
2,58,24867380,59442720,,260,3670,Z,153,Majaka põik
2,12,24736510,59404280,,234,3702,Z,88,Väike-Õismäe
2,42,24821170,59439070,,72,3703,Z,173,Priisle
2,31,24860740,59450380,,341,3715,Z,60,Priisle
2,58,24895410,59447570,,157,3763,Z,118,Priisle
2,48,24840960,59432230,,127,3779,Z,59,Vesse
2,46,24840840,59432320,,126,3788,Z,105,Seli
2,66,24823470,59441870,,332,3790,Z,33,Pelguranna
2,42,24737610,59431840,,240,3792,Z,72,Väike-Õismäe
2,63,24774520,59438900,,72,3794,Z,58,Priisle
2,63,24847760,59451300,,272,3810,Z,87,Maneezi
2,66,24895400,59447650,,200,3898,Z,86,Priisle
2,60,24897180,59444780,,999,3920,Z,105,Maneezi
2,67,24687530,59399430,,76,3929,Z,88,Seli
