3,1,24776080,59438870,,83,96,Z,39,Kadriorg
3,5,24668600,59461040,,129,98,Z,77,Vana-Lõuna
3,1,24757750,59437230,,271,99,Z,206,Kopli
3,2,24724810,59443040,,296,102,Z,74,Kopli
3,2,24814020,59426850,,267,123,Z,173,Suur-Paala
3,1,24731160,59441490,,110,136,false,73,Kadriorg
3,1,24717060,59446210,,304,138,false,150,Kopli
3,2,24693370,59454780,,102,148,Z,243,Suur-Paala
3,5,24671880,59459740,,316,181,false,100,Kopli
3,5,24751480,59442850,,334,507,Z,24,Kopli
3,3,24739420,59414420,,12,508,Z,107,Kadriorg
3,4,24807160,59426470,,84,510,Z,125,Suur-Paala
3,4,24760550,59436550,,140,513,Z,147,Suur-Paala
3,3,24734170,59411220,,208,515,Z,158,Tondi
3,4,24742630,59424460,,179,516,Z,46,Tondi
3,2,24775710,59428750,,129,519,Z,195,Suur-Paala
3,4,24794420,59427240,,303,520,Z,98,Tondi
3,2,24751100,59443100,,111,522,false,213,Suur-Paala
3,5,24749920,59435540,,237,523,false,49,Vana-Lõuna
3,3,24778580,59439370,,257,525,false,50,Tondi
3,2,24759300,59438570,,15,526,false,130,Kopli
3,4,24760680,59436380,,2,528,false,76,Tondi
3,1,24669030,59461360,,317,530,false,97,Kadriorg
3,1,24669490,59461090,,319,531,false,126,Kopli
3,2,24745670,59418950,,144,534,false,56,Pärnu mnt depoo
3,4,24742680,59424280,,1,542,false,177,Suur-Paala
3,2,24808180,59426550,,266,543,false,152,Kopli
2,83,24658970,59400170,,127,1003,Z,52,Mustamäe
2,12,24716980,59402490,,264,1009,Z,106,Väike-Õismäe
2,23,24656090,59405020,,62,1014,Z,61,Bussijaam
2,42,24875190,59444530,,248,1016,Z,156,Väike-Õismäe
2,12,24658280,59411180,,209,1017,Z,24,Väike-Õismäe
2,42,24658300,59410360,,205,1018,Z,24,Väike-Õismäe
2,23,24657290,59409500,,176,1019,Z,126,Kadaka
2,23,24749170,59433350,,228,1022,Z,42,Kadaka
2,40,24771480,59438540,,252,1023,Z,31,Pelguranna
2,23,24658400,59410490,,147,1024,Z,26,Kadaka
2,67,24717920,59414250,,207,1028,Z,101,Sütiste
2,36,24664830,59403500,,252,1029,Z,66,Väike-Õismäe
2,8,24658540,59410570,,210,1031,Z,152,Väike-Õismäe
2,42,24706480,59429080,,294,1099,Z,98,Väike-Õismäe
2,24,24697750,59402870,,219,1108,Z,40,Kadaka
2,45,24660980,59411300,,77,1109,Z,76,Väike-Õismäe
2,24,24655530,59404740,,320,1115,Z,142,Kadaka
2,11,24661290,59411220,,107,1118,Z,14,Kadaka
2,85,24658670,59400720,,143,1121,Z,54,Mustamäe
2,3,24749330,59428080,,57,1141,Z,151,Pelguranna
2,37,24668880,59404540,,165,1143,Z,86,Mustamäe
2,28,24741750,59420080,,313,1144,Z,20,Vana-Lõuna
2,8,24691850,59429520,,87,1145,Z,125,Äigrumäe
2,8,24687470,59429740,,264,1149,Z,46,Väike-Õismäe
2,8,24881020,59487520,,335,1152,Z,110,Väike-Õismäe
2,24,24656020,59405030,,999,1153,Z,83,Estonia
2,45,24689390,59386660,,286,1157,Z,94,Väike-Õismäe
2,24,24711020,59417450,,19,1158,Z,61,Estonia
2,11,24659180,59410910,,212,1160,Z,90,Kadaka
2,11,24659220,59410940,,197,1161,Z,28,Kadaka
2,54,24635310,59412260,,147,1164,Z,10,Väike-Õismäe
2,24,24641020,59398730,,49,1166,Z,19,Estonia
2,28,24709040,59412590,,293,1167,Z,99,Väike-Õismäe
2,24,24751160,59434100,,44,1170,Z,103,Estonia
2,59,24738770,59440080,,185,1180,Z,63,Pikakari
2,21,24653370,59429240,,306,1187,Z,59,Landi
2,41,24742350,59441670,,42,1203,Z,54,Balti jaam
2,41,24704130,59429170,,89,1204,Z,10,Balti jaam
2,42,24655380,59414900,,57,1214,Z,15,Priisle
2,20A,24756930,59434000,,125,1215,Z,30,Viru keskus
2,3,24705000,59453770,,70,1222,Z,56,Vana-Lõuna
2,28,24741870,59420310,,41,1223,Z,40,Vana-Lõuna
2,85,24704580,59429150,,235,1230,Z,114,Mustamäe
2,28,24703890,59408200,,26,1232,Z,60,Vana-Lõuna
2,24,24656930,59394890,,241,1233,Z,204,Kadaka
2,8,24827180,59463210,,44,1235,Z,141,Äigrumäe
2,54,24627030,59404930,,106,1236,Z,36,Väike-Õismäe
2,54,24744600,59433020,,271,1238,Z,62,Väike-Õismäe
2,41,24741550,59441700,,59,1240,Z,71,Landi
2,21,24634280,59425780,,118,1242,Z,26,Balti jaam
2,28,24639650,59415310,,359,1243,Z,79,Väike-Õismäe
2,83,24745270,59432930,,270,1249,Z,112,Mustamäe
2,85,24692250,59415900,,25,1265,Z,171,Balti jaam
2,21,24742210,59441720,,44,1277,Z,12,Balti jaam
2,24,24727190,59429100,,256,1289,Z,226,Kadaka
2,83,24697340,59402610,,223,1302,Z,82,Mustamäe
2,18A,24759470,59439210,,27,1305,Z,76,Viru keskus
2,23,24715510,59404390,,231,1315,Z,116,Kadaka
2,42,24806090,59435590,,241,1316,Z,140,Väike-Õismäe
2,36,24635490,59412000,,113,1317,Z,152,Väike-Õismäe
2,45,24802370,59420340,,268,1350,Z,62,Väike-Õismäe
2,45,24678320,59391640,,116,1351,Z,19,Ülemiste
2,21A,24615880,59443430,,309,1353,Z,55,Kakumäe
2,8,24747450,59444150,,278,1355,Z,70,Väike-Õismäe
2,36,24656460,59403320,,149,1384,Z,135,Viru
2,67,24696200,59400050,,321,1401,Z,43,Sütiste
2,13,24659480,59406300,,40,1415,Z,23,Priisle
2,83,24725470,59428220,,68,1419,Z,141,Kaubamaja
2,18,24643410,59366050,,248,1421,Z,17,Laagri
2,40,24732600,59434910,,96,1422,Z,132,Priisle
2,18,24742360,59427470,,182,1423,Z,63,Laagri
2,67,24677580,59398170,,74,1424,Z,14,Seli
2,42,24758040,59435570,,283,1425,Z,114,Väike-Õismäe
2,23,24708630,59393970,,7,1426,Z,97,Bussijaam
2,12,24818810,59432300,,82,1428,Z,15,Seli
2,23,24655470,59404270,,328,1438,Z,16,Kadaka
2,1,24759370,59439190,,50,1442,Z,92,Viru keskus
2,18A,24711010,59385330,,231,1449,Z,59,Urda
2,14,24661120,59408110,,130,1474,Z,61,Vana-Pääsküla
2,11,24661150,59408150,,134,1475,Z,64,Kadaka
2,83,24683460,59398870,,78,1486,Z,167,Kaubamaja
2,13,24640140,59412740,,275,1491,Z,46,Väike-Õismäe
2,23,24658730,59410700,,204,1494,Z,96,Kadaka
2,20A,24657190,59402750,,145,1496,Z,46,Viru keskus
2,3,24733360,59436940,,24,1506,Z,129,Pelguranna
2,13,24820290,59422310,,104,1516,Z,11,Priisle
2,18A,24742710,59422810,,359,1518,Z,24,Viru keskus
2,36,24704700,59388720,,79,1520,Z,27,Viru
2,67,24867040,59442640,,254,1546,Z,73,Sütiste
2,18,24759750,59439170,,80,1561,Z,80,Viru keskus
2,23,24743460,59427230,,179,1563,Z,79,Bussijaam
2,37,24677190,59400710,,68,1742,Z,35,Zoo
2,21,24752720,59441730,,154,1744,Z,47,Landi
2,8,24827170,59463600,,225,1747,Z,86,Väike-Õismäe
2,20A,24634570,59375260,,193,1772,Z,61,Laagri alevik
2,8,24771800,59441560,,69,1813,Z,167,Äigrumäe
2,20A,24744340,59430030,,217,1861,Z,15,Laagri alevik
2,41,24591100,59447170,,355,1942,Z,25,Landi
2,24,24662430,59402500,,46,1956,Z,183,Estonia
2,41,24724580,59434830,,221,1957,Z,41,Landi
2,59,24712330,59448590,,213,1960,Z,32,Balti jaam
2,24,24648790,59401220,,59,1961,Z,124,Kadaka
2,16,24658720,59409860,,133,2032,Z,112,Väike-Õismäe
2,73,24741630,59420220,,304,2034,Z,68,Vana-Lõuna
2,27,24610010,59351950,,149,2064,Z,64,Harkujärve
2,73,24740360,59449420,,289,2065,Z,163,Kopli liinid
2,61,24681390,59405060,,207,2068,Z,101,Järve haigla
2,81,24713030,59431500,,60,2069,Z,51,Kaubamaja
2,81,24755710,59435100,,82,2070,Z,25,Kaubamaja
2,25,24743140,59427350,,252,2073,Z,54,Tiskre
2,81,24687200,59410750,,206,2074,Z,136,Mustamäe
2,5,24733730,59407210,,206,2100,Z,180,Männiku
2,81,24677290,59404930,,78,2122,Z,81,Kaubamaja
2,5,24728780,59401500,,18,2123,Z,137,Metsakooli tee
2,10,24635270,59411780,,153,2132,Z,112,Väike-Õismäe
2,73,24698160,59449020,,146,2133,Z,94,Vana-Lõuna
2,20,24730520,59403070,,79,2134,Z,48,Reisisadama D-terminal
2,73,24747570,59445750,,137,2140,Z,116,Vana-Lõuna
2,12,24896670,59444840,,338,2148,Z,148,Väike-Õismäe
2,72,24696770,59402030,,42,2181,Z,201,Kopli
2,72,24680340,59399480,,147,2188,Z,226,Keskuse
2,72,24712030,59435520,,151,2189,Z,100,Keskuse
2,27,24647370,59411200,,256,2194,Z,36,Harkujärve
2,61,24632420,59408820,,160,2198,Z,22,Kotermaa
2,73,24749580,59423980,,169,2199,Z,46,Vana-Lõuna
2,61,24629890,59404770,,95,2209,Z,79,Järve haigla
2,27,24661460,59411580,,63,2212,Z,48,Harkujärve
2,32,24661580,59410170,,216,2221,Z,30,Männiku
2,33,24711730,59376560,,113,2224,Z,74,Männiku
2,10,24660960,59411400,,110,2234,Z,124,Väike-Õismäe
2,34,24811630,59457720,,217,2246,Z,20,Viru keskus
2,61,24699830,59396650,,306,2253,Z,56,Kotermaa
2,33,24718170,59365950,,39,2254,Z,16,Männiku
2,5,24718140,59366430,,11,2258,Z,110,Männiku
2,20,24661090,59411760,,60,2291,Z,74,Reisisadama D-terminal
2,10,24673300,59394820,,169,2293,Z,71,Vana-Pääsküla
2,27,24583150,59414770,,212,2307,Z,16,Harkujärve
2,84,24698810,59403120,,43,2311,Z,93,Balti jaam
2,10,24694270,59400870,,48,2330,Z,18,Väike-Õismäe
2,16,24635480,59412080,,138,2331,Z,54,Väike-Õismäe
2,26,24635030,59412950,,287,2333,Z,61,Paljassaare
2,4,24643490,59424070,,283,2410,Z,29,Tiskre
2,62,24635170,59412250,,204,2413,Z,42,Väike-Õismäe
2,4,24651930,59412430,,216,2417,Z,80,Väike-Õismäe
2,26,24712450,59431280,,60,2418,Z,41,Paljassaare
2,35,24879010,59441390,,58,2440,Z,32,Seli
2,2,24752870,59434940,,244,2441,Z,24,Balti jaam
2,34,24658060,59409150,,239,2459,Z,58,Viru keskus
2,72,24719750,59427040,,40,2472,Z,179,Kopli
2,1,24828080,59501540,,344,2483,Z,21,Viimsi keskus
2,5,24843610,59459490,,102,2497,Z,73,Metsakooli tee
2,42,24635490,59413270,,289,2501,Z,56,Väike-Õismäe
2,33,24659600,59409500,,180,2502,Z,42,Männiku
2,25,24585090,59434950,,116,2504,Z,101,Reisisadama D-terminal
2,73,24694110,59451910,,323,2513,Z,141,Kopli liinid
2,42,24870940,59442620,,70,2515,Z,189,Priisle
2,1,24806660,59450690,,30,2523,Z,45,Viimsi keskus
2,16,24748240,59413160,,204,2525,Z,71,Tallinn-Väike
2,16,24739970,59431800,,47,2526,Z,129,Tallinn-Väike
2,81,24714550,59432400,,243,2527,Z,164,Mustamäe
2,35,24743200,59433160,,272,2543,Z,145,Pelguranna
2,10,24629730,59366120,,14,2556,Z,50,Väike-Õismäe
2,33,24693360,59452290,,143,2557,Z,110,Männiku
2,81,24658720,59400600,,149,2566,Z,108,Mustamäe
2,5,24775640,59439110,,261,2591,Z,24,Männiku
2,26,24634460,59412950,,273,2600,Z,84,Väike-Õismäe
2,18,24701690,59381450,,50,2614,Z,36,Viru keskus
2,84,24739130,59440220,,191,2635,Z,59,Balti jaam
2,72,24703770,59408440,,204,2643,Z,74,Keskuse
2,20,24636900,59368620,,215,2645,Z,63,Pääsküla jaam
2,2,24816070,59406510,,175,2647,Z,120,Balti jaam
2,16,24694360,59418120,,26,2650,Z,17,Tallinn-Väike
2,72,24663940,59410580,,271,2662,Z,24,Keskuse
2,16,24695350,59419380,,205,2668,Z,144,Väike-Õismäe
2,20,24763210,59443240,,255,2671,Z,32,Reisisadama D-terminal
2,72,24680260,59399620,,140,2672,Z,48,Keskuse
2,72,24694640,59451520,,324,2677,Z,151,Kopli
2,25,24763800,59433480,,30,2683,Z,27,Reisisadama D-terminal
2,20,24701080,59405040,,297,2684,Z,15,Pääsküla jaam
2,16,24754150,59433180,,320,2705,Z,100,Väike-Õismäe
2,5,24755790,59437140,,77,2707,Z,91,Metsakooli tee
2,36,24728350,59401690,,206,2720,Z,88,Väike-Õismäe
2,2,24662140,59411260,,308,2721,Z,100,Balti jaam
2,10,24661950,59411130,,127,2726,Z,32,Väike-Õismäe
2,84,24680120,59399530,,154,2728,Z,126,Keskuse
2,4,24661840,59411030,,314,2729,Z,100,Väike-Õismäe
2,5,24850700,59458700,,283,2730,Z,48,Männiku
2,10,24637410,59412800,,76,2731,Z,91,Vana-Pääsküla
2,57,24717600,59379040,,178,2732,Z,76,Raudalu
2,27,24670570,59400760,,167,2752,Z,83,Laagri alevik
2,54,24659100,59426280,,69,2757,Z,109,Priisle
2,33,24683590,59420170,,25,2764,Z,31,Kopli
2,26,24709130,59430660,,239,2770,Z,22,Väike-Õismäe
2,5,24717380,59369960,,175,2773,Z,154,Männiku
2,84,24698030,59402940,,220,2775,Z,30,Keskuse
2,57,24763970,59362600,,141,2776,Z,37,Kalev
2,33,24717160,59375370,,303,2777,Z,57,Kopli
2,34,24927070,59479860,,244,2789,Z,42,Viru keskus
2,72,24680260,59455490,,134,2849,Z,126,Keskuse
2,34,24759550,59439190,,79,2861,Z,91,Muuga aedlinn
2,54,24830040,59428390,,251,2897,Z,88,Väike-Õismäe
2,13,24635440,59411970,,151,2915,Z,34,Väike-Õismäe
2,73,24744990,59427570,,253,3008,Z,187,Kopli liinid
2,34,24833620,59466910,,40,3011,Z,77,Muuga aedlinn
2,67,24892670,59444060,,66,3013,Z,28,Seli
2,35,24897190,59445010,,6,3014,Z,94,Seli
2,42,24635750,59412490,,127,3018,Z,38,Väike-Õismäe
2,34,24756770,59437030,,66,3020,Z,121,Muuga aedlinn
2,40,24880580,59443600,,266,3021,Z,106,Priisle
2,15,24782410,59425340,,128,3023,Z,25,Sõjamäe
2,60,24897820,59444890,,78,3024,Z,131,Maneezi
2,46,24841100,59431460,,204,3030,Z,37,Seli
2,66,24841060,59431480,,202,3031,Z,98,Priisle
2,42,24781180,59432660,,105,3033,Z,207,Priisle
2,40,24855150,59442460,,247,3036,Z,49,Pelguranna
2,40,24691600,59448570,,267,3044,Z,147,Pelguranna
2,50,24853660,59437480,,68,3060,Z,70,Seli
2,13,24895200,59447840,,91,3063,Z,97,Priisle
2,42,24739620,59431620,,40,3067,Z,223,Priisle
2,54,24751130,59428470,,69,3072,Z,75,Priisle
2,18A,24630180,59354050,,20,3086,Z,40,Viru keskus
2,58,24895170,59447900,,66,3101,Z,30,Priisle
2,7,24802070,59422870,,359,3102,Z,82,Seli
2,29,24895430,59447600,,91,3105,Z,37,Priisle
2,3,24841000,59432210,,129,3154,Z,36,Vana-Lõuna
2,15,24865430,59415760,,88,3182,Z,121,Sõjamäe
2,13,24689700,59402600,,297,3201,Z,60,Väike-Õismäe
2,5,24658320,59410440,,303,3206,Z,166,Männiku
2,16,24658310,59410460,,162,3207,Z,84,Väike-Õismäe
2,48,24893300,59445620,,66,3213,Z,32,Pirita keskus
2,44,24826410,59445510,,329,3218,Z,92,Viru keskus
2,29,24834180,59452540,,283,3229,Z,18,Viru keskus
2,31,24754590,59435380,,60,3245,Z,122,Priisle
2,29,24789880,59433470,,54,3251,Z,57,Priisle
2,31,24891740,59447690,,157,3260,Z,82,Priisle
2,44,24754890,59434670,,43,3261,Z,29,P. Pinna
2,58,24879000,59445020,,338,3267,Z,86,Priisle
2,12,24829160,59435740,,159,3270,Z,124,Väike-Õismäe
2,49,24789000,59421660,,145,3274,Z,49,Lennujaam
2,66,24817860,59445210,,127,3276,Z,16,Priisle
2,66,24707490,59439540,,93,3278,Z,50,Priisle
2,63,24883740,59454860,,309,3280,Z,27,Maneezi
2,31,24842530,59432830,,268,3283,Z,136,Priisle
2,55,24759650,59439180,,69,3298,Z,22,Hobujaama
2,31,24811620,59436010,,295,3303,Z,19,Estonia
2,49,24811090,59422780,,2,3306,Z,66,Viimsi keskus
2,7,24897990,59444980,,156,3308,Z,62,Seli
2,44,24844310,59444460,,91,3310,Z,123,P. Pinna
2,48,24833460,59467250,,196,3313,Z,82,Pirita keskus
2,48,24859060,59451870,,193,3319,Z,17,Vesse
2,3,24747300,59432810,,90,3320,Z,92,Vana-Lõuna
2,67,24684280,59395080,,152,3321,Z,155,Sütiste
2,40,24764650,59436720,,359,3322,Z,164,Priisle
2,38,24792770,59442740,,253,3349,Z,20,Viru keskus
2,12,24641380,59412450,,54,3360,Z,55,Seli
2,60,24758870,59437070,,87,3365,Z,78,Seli
2,31,24824990,59432960,,73,3374,Z,102,Priisle
2,38,24843010,59432820,,115,3378,Z,32,Viru keskus
2,54,24895370,59447640,,158,3379,Z,49,Priisle
2,3,24741840,59419910,,311,3380,Z,20,Vana-Lõuna
2,13,24838610,59452000,,102,3382,Z,109,Priisle
2,54,24895180,59447860,,76,3388,Z,23,Priisle
2,35,24687810,59444150,,174,3391,Z,127,Pelguranna
2,60,24897260,59444940,,258,3392,Z,24,Seli
2,85,24733910,59437590,,23,3393,Z,145,Balti jaam
2,40,24895310,59447740,,80,3395,Z,72,Priisle
2,16,24635420,59411950,,141,3400,Z,34,Väike-Õismäe
2,31,24862440,59447620,,160,3432,Z,39,Estonia
2,3,24842670,59432830,,103,3433,Z,72,Vana-Lõuna
2,50,24831390,59434050,,252,3436,Z,103,Majaka põik
2,7,24804320,59420330,,89,3447,Z,19,Sõjamäe
2,39,24757700,59429750,,235,3450,Z,58,Vana-Lõuna
2,39,24840810,59432370,,139,3457,Z,74,Vana-Lõuna
2,39,24765410,59432110,,111,3458,Z,29,Liikuri
2,35,24815410,59444970,,54,3468,Z,110,Seli
2,40,24728130,59436260,,235,3469,Z,15,Pelguranna
2,12,24695280,59406410,,115,3470,Z,39,Seli
2,35,24742500,59432500,,63,3479,Z,16,Seli
2,15,24763660,59432650,,295,3485,Z,52,Estonia
2,12,24897420,59445110,,178,3487,Z,165,Seli
2,67,24777860,59430060,,35,3488,Z,58,Seli
2,33,24667850,59409610,,148,3499,Z,92,Männiku
2,7,24875900,59443190,,265,3511,Z,41,Sõjamäe
2,49,24806160,59450750,,203,3512,Z,17,Lennujaam
2,35,24816100,59445380,,236,3517,Z,49,Pelguranna
2,36,24661010,59408430,,127,3528,Z,100,Väike-Õismäe
2,61,24615540,59404610,,210,3529,Z,122,Kotermaa
2,2,24756030,59434010,,172,3530,Z,49,Mõigu
2,46,24842390,59432100,,169,3532,Z,53,Seli
2,54,24639750,59412290,,112,3533,Z,121,Priisle
2,85,24665890,59403670,,257,3535,Z,88,Mustamäe
2,35,24887590,59442830,,239,3536,Z,63,Pelguranna
2,44,24759710,59439180,,65,3539,Z,60,Viru keskus
2,35,24842710,59431900,,193,3541,Z,80,Seli
2,13,24726260,59402560,,74,3547,Z,121,Priisle
2,13,24833060,59450690,,186,3548,Z,86,Väike-Õismäe
2,15,24811190,59423010,,270,3550,Z,148,Estonia
2,1,24834450,59469190,,194,3551,Z,140,Viru keskus
2,66,24895130,59447950,,999,3552,Z,87,Pelguranna
2,49,24835250,59489810,,309,3558,Z,34,Viimsi keskus
2,54,24834470,59430590,,338,3562,Z,99,Priisle
2,42,24687660,59429390,,81,3564,Z,247,Priisle
2,3,24661040,59408510,,127,3573,Z,108,Vana-Lõuna
2,45,24660560,59408330,,115,3574,Z,108,Väike-Õismäe
2,50,24896950,59445250,,0,3576,Z,32,Seli
2,24,24655970,59405050,,29,3577,Z,164,Kadaka
2,67,24764980,59427940,,280,3581,Z,143,Sütiste
2,13,24799310,59419880,,195,3582,Z,72,Väike-Õismäe
2,46,24842310,59432190,,251,3585,Z,87,Seli
2,55,24804630,59426210,,264,3586,Z,44,Hobujaama
2,50,24896810,59445210,,27,3593,Z,140,Seli
2,55,24849090,59428850,,161,3594,Z,65,P. Pinna
2,60,24858640,59451350,,77,3644,Z,50,Seli
2,58,24805720,59429380,,38,3670,Z,154,Priisle
2,12,24648800,59419170,,305,3702,Z,88,Väike-Õismäe
2,42,24895430,59447530,,189,3703,Z,173,Priisle
2,58,24864980,59442380,,256,3763,Z,119,Majaka põik
2,46,24840970,59432350,,126,3788,Z,105,Seli
2,66,24746680,59444270,,281,3790,Z,33,Pelguranna
2,42,24645740,59423280,,267,3792,Z,72,Väike-Õismäe
2,63,24868050,59454910,,88,3794,Z,58,Priisle
2,63,24763240,59437400,,254,3810,Z,87,Maneezi
2,66,24866910,59441870,,159,3898,Z,87,Pelguranna
2,60,24819850,59446600,,246,3920,Z,105,Maneezi
2,67,24724240,59427980,,67,3929,Z,88,Seli
