3,1,24724750,59443050,,131,96,Z,37,Kadriorg
3,2,24665570,59462730,,317,97,Z,112,Kopli
3,5,24672250,59459520,,136,98,Z,75,Vana-Lõuna
3,1,24756910,59437240,,85,99,Z,203,Kadriorg
3,2,24669000,59461310,,314,102,Z,72,Kopli
3,2,24771420,59430560,,310,123,Z,172,Kopli
3,1,24667640,59461310,,248,136,false,70,Kopli
3,1,24743780,59443470,,217,138,false,148,Kopli
3,2,24807180,59426470,,84,148,Z,241,Suur-Paala
3,5,24669690,59461010,,320,181,false,98,Kopli
3,5,24745470,59431360,,9,507,Z,22,Kopli
3,3,24733890,59410890,,198,508,Z,104,Tondi
3,4,24814380,59426820,,255,510,Z,123,Suur-Paala
3,4,24786580,59429860,,102,513,Z,145,Suur-Paala
3,3,24764160,59437370,,253,515,Z,156,Tondi
3,4,24751330,59436020,,236,516,Z,44,Tondi
3,2,24813760,59426840,,224,519,Z,193,Suur-Paala
3,4,24813800,59426810,,251,520,Z,95,Suur-Paala
3,2,24814330,59426870,,257,522,false,211,Suur-Paala
3,5,24745920,59433030,,207,523,false,47,Vana-Lõuna
3,3,24742720,59424890,,0,525,false,47,Kadriorg
3,2,24703900,59453510,,307,526,false,128,Kopli
3,4,24787670,59429480,,300,528,false,74,Tondi
3,2,24759840,59435260,,101,529,false,17,Suur-Paala
3,1,24669280,59461220,,319,530,false,94,Kopli
3,1,24689080,59455150,,272,531,false,124,Kopli
3,1,24775950,59439110,,258,533,false,180,Kopli
3,2,24689300,59455160,,86,534,false,55,Suur-Paala
3,4,24733960,59411030,,202,535,false,229,Suur-Paala
3,2,24743650,59443280,,33,537,false,33,Suur-Paala
3,4,24752320,59436350,,57,542,false,175,Suur-Paala
3,2,24760080,59444410,,40,543,false,150,Kopli
2,83,24659100,59400160,,127,1003,Z,50,Mustamäe
2,12,24639660,59415640,,2,1009,Z,105,Seli
2,8,24635870,59412710,,184,1012,Z,56,Väike-Õismäe
2,23,24661840,59411320,,66,1013,Z,134,Kadaka
2,23,24711230,59400490,,3,1014,Z,59,Bussijaam
2,12,24642770,59419290,,238,1017,Z,24,Väike-Õismäe
2,42,24729430,59429230,,290,1018,Z,24,Väike-Õismäe
2,23,24658300,59411010,,224,1019,Z,126,Kadaka
2,23,24710850,59401530,,190,1022,Z,40,Kadaka
2,40,24826890,59445050,,149,1023,Z,30,Priisle
2,23,24658410,59410480,,206,1024,Z,26,Kadaka
2,67,24715290,59411270,,28,1028,Z,100,Seli
2,36,24635470,59412020,,119,1029,Z,64,Väike-Õismäe
2,67,24658500,59410510,,144,1030,Z,109,Sütiste
2,8,24760180,59439920,,262,1031,Z,152,Väike-Õismäe
2,42,24646900,59419580,,293,1099,Z,97,Priisle
2,14,24662230,59409050,,21,1107,Z,51,Vana-Pääsküla
2,24,24659480,59401110,,225,1108,Z,38,Kadaka
2,45,24660980,59411310,,128,1109,Z,76,Väike-Õismäe
2,37,24658350,59411120,,236,1110,Z,64,Mustamäe
2,9,24661090,59411280,,293,1112,Z,52,Kadaka
2,8,24661160,59411260,,30,1113,Z,96,Väike-Õismäe
2,24,24655460,59404730,,999,1115,Z,141,Estonia
2,21A,24591210,59446890,,173,1117,Z,26,Väike-Õismäe
2,11,24704320,59409060,,203,1118,Z,14,Kadaka
2,37,24661360,59411200,,92,1120,Z,12,Mustamäe
2,85,24658670,59400980,,217,1121,Z,52,Mustamäe
2,3,24749420,59424540,,348,1141,Z,149,Pelguranna
2,37,24666960,59408810,,1,1143,Z,83,Zoo
2,28,24749150,59418150,,78,1144,Z,19,Väike-Õismäe
2,8,24890800,59481310,,82,1145,Z,123,Äigrumäe
2,8,24711710,59431070,,57,1149,Z,45,Äigrumäe
2,24,24656250,59394700,,95,1153,Z,81,Estonia
2,24,24751650,59433910,,92,1158,Z,59,Estonia
2,11,24659380,59400920,,328,1160,Z,90,Kadaka
2,11,24755650,59434020,,176,1161,Z,28,Kadaka
2,54,24895330,59447860,,88,1164,Z,9,Priisle
2,24,24674450,59404640,,76,1166,Z,17,Estonia
2,28,24697700,59402820,,220,1167,Z,97,Väike-Õismäe
2,11,24659430,59411130,,30,1168,Z,40,Kadaka
2,11,24661470,59411760,,37,1169,Z,50,Kadaka
2,24,24736810,59430390,,235,1170,Z,102,Kadaka
2,37,24659560,59411190,,42,1171,Z,50,Mustamäe
2,59,24714180,59450040,,213,1180,Z,60,Balti jaam
2,21B,24651270,59424430,,65,1187,Z,44,Balti jaam
2,41,24742280,59441660,,53,1203,Z,52,Balti jaam
2,42,24822490,59439140,,82,1214,Z,13,Priisle
2,20A,24739560,59415300,,194,1215,Z,29,Laagri alevik
2,3,24757610,59433910,,106,1222,Z,54,Vana-Lõuna
2,28,24741820,59420440,,75,1223,Z,38,Vana-Lõuna
2,21,24618960,59442060,,312,1225,Z,37,Landi
2,85,24706260,59429700,,237,1230,Z,112,Mustamäe
2,28,24715000,59411230,,116,1232,Z,58,Vana-Lõuna
2,8,24662990,59427230,,256,1235,Z,140,Väike-Õismäe
2,54,24851000,59436980,,72,1236,Z,35,Priisle
2,54,24747270,59427800,,69,1238,Z,61,Priisle
2,41,24590750,59448840,,354,1240,Z,70,Balti jaam
2,28,24639570,59414830,,181,1243,Z,78,Vana-Lõuna
2,11,24659790,59408750,,122,1244,Z,78,Kadaka
2,20A,24682020,59404620,,114,1248,Z,72,Viru keskus
2,83,24723480,59428010,,249,1249,Z,110,Mustamäe
2,21,24742470,59441730,,70,1277,Z,10,Balti jaam
2,8,24833480,59466710,,37,1281,Z,13,Äigrumäe
2,24,24703810,59408450,,203,1289,Z,224,Kadaka
2,83,24743790,59432780,,62,1302,Z,79,Kaubamaja
2,8,24725490,59435330,,238,1304,Z,174,Väike-Õismäe
2,18A,24721320,59390530,,196,1305,Z,75,Urda
2,23,24656160,59403660,,329,1315,Z,114,Kadaka
2,42,24635650,59412690,,146,1316,Z,138,Väike-Õismäe
2,36,24656560,59403230,,150,1317,Z,151,Viru
2,45,24801730,59422980,,90,1350,Z,59,Ülemiste
2,45,24672690,59396510,,155,1351,Z,17,Ülemiste
2,21A,24640410,59413450,,331,1353,Z,53,Kakumäe
2,45,24635560,59412060,,999,1354,Z,39,Ülemiste
2,8,24638000,59412650,,111,1355,Z,69,Äigrumäe
2,36,24727200,59398520,,14,1384,Z,133,Viru
2,67,24896960,59445250,,0,1401,Z,42,Seli
2,45,24726030,59397600,,193,1408,Z,120,Väike-Õismäe
2,13,24832970,59431780,,154,1415,Z,22,Väike-Õismäe
2,18,24716450,59387390,,50,1421,Z,16,Viru keskus
2,40,24895360,59447670,,199,1422,Z,130,Priisle
2,18,24630330,59358540,,173,1423,Z,61,Laagri
2,36,24660380,59401600,,226,1427,Z,116,Väike-Õismäe
2,12,24827330,59433430,,255,1428,Z,14,Väike-Õismäe
2,23,24655830,59405130,,53,1438,Z,15,Bussijaam
2,67,24684270,59395180,,136,1439,Z,119,Sütiste
2,1,24759800,59439200,,24,1442,Z,90,Viru keskus
2,18A,24630310,59359990,,351,1449,Z,58,Viru keskus
2,14,24645390,59366470,,247,1474,Z,61,Vana-Pääsküla
2,11,24661150,59408140,,129,1475,Z,64,Kadaka
2,9,24660850,59408320,,133,1477,Z,30,Kadaka
2,83,24700200,59404210,,32,1486,Z,165,Kaubamaja
2,13,24865950,59448960,,63,1491,Z,45,Priisle
2,67,24705590,59397300,,183,1492,Z,131,Sütiste
2,23,24738720,59431080,,51,1494,Z,95,Bussijaam
2,66,24815590,59445200,,235,1500,Z,67,Pelguranna
2,3,24733430,59434250,,330,1506,Z,127,Pelguranna
2,13,24785340,59423160,,271,1516,Z,10,Väike-Õismäe
2,36,24726140,59397770,,196,1520,Z,26,Väike-Õismäe
2,67,24683740,59395490,,320,1546,Z,72,Seli
2,18,24754340,59437040,,286,1561,Z,79,Laagri
2,23,24748690,59433110,,223,1563,Z,78,Kadaka
2,37,24668130,59397080,,256,1742,Z,32,Mustamäe
2,21B,24753240,59437600,,204,1744,Z,35,Kakumäe
2,8,24635230,59412280,,148,1747,Z,84,Väike-Õismäe
2,8,24832620,59466810,,238,1813,Z,166,Väike-Õismäe
2,24,24637710,59396930,,179,1829,Z,240,Kadaka
2,20A,24631940,59370260,,194,1861,Z,13,Laagri alevik
2,18,24657990,59410050,,228,1888,Z,46,Viru keskus
2,9,24658260,59411040,,334,1908,Z,90,Kadaka
2,41,24721610,59433840,,69,1942,Z,24,Balti jaam
2,24,24708210,59413360,,21,1956,Z,181,Estonia
2,41,24720990,59433760,,249,1957,Z,39,Landi
2,59,24735510,59438830,,229,1960,Z,29,Pikakari
2,24,24656120,59404970,,54,1961,Z,122,Kadaka
2,85,24675770,59404870,,257,1967,Z,26,Mustamäe
2,28,24660230,59408730,,102,1969,Z,112,Vana-Lõuna
2,16,24755430,59432320,,322,2032,Z,112,Väike-Õismäe
2,73,24741930,59420240,,310,2034,Z,66,Vana-Lõuna
2,25,24660790,59410030,,122,2061,Z,65,Reisisadama D-terminal
2,27,24673300,59395340,,350,2064,Z,62,Harkujärve
2,73,24716410,59453230,,310,2065,Z,161,Kopli liinid
2,61,24675360,59409560,,101,2068,Z,99,Järve haigla
2,81,24658760,59400550,,999,2069,Z,49,Kaubamaja
2,81,24691350,59414850,,24,2070,Z,23,Kaubamaja
2,25,24600440,59431610,,283,2073,Z,52,Tiskre
2,81,24732700,59436240,,2,2074,Z,134,Mustamäe
2,81,24658690,59400570,,216,2122,Z,78,Mustamäe
2,5,24835830,59458970,,76,2123,Z,135,Metsakooli tee
2,61,24662520,59411490,,67,2126,Z,36,Kotermaa
2,10,24635380,59411980,,133,2132,Z,110,Väike-Õismäe
2,73,24739500,59449600,,108,2133,Z,92,Vana-Lõuna
2,20,24763220,59443170,,999,2134,Z,47,Pääsküla jaam
2,73,24751430,59419480,,167,2140,Z,114,Vana-Lõuna
2,12,24634830,59412690,,197,2148,Z,146,Väike-Õismäe
2,72,24683550,59398910,,77,2181,Z,199,Kopli
2,72,24679640,59400090,,129,2188,Z,224,Keskuse
2,72,24716460,59423910,,203,2189,Z,98,Keskuse
2,27,24583420,59414700,,265,2194,Z,34,Harkujärve
2,61,24634610,59413450,,290,2198,Z,20,Kotermaa
2,73,24741550,59420110,,330,2199,Z,44,Vana-Lõuna
2,32,24659420,59411690,,231,2208,Z,10,Männiku
2,61,24616100,59405820,,45,2209,Z,77,Järve haigla
2,27,24595010,59417060,,137,2212,Z,48,Harkujärve
2,32,24659530,59411710,,308,2221,Z,30,Männiku
2,33,24699870,59380540,,317,2224,Z,73,Kopli
2,4,24660870,59411420,,305,2228,Z,52,Väike-Õismäe
2,10,24660950,59411390,,110,2234,Z,124,Väike-Õismäe
2,34,24759690,59439200,,59,2246,Z,18,Viru keskus
2,61,24707660,59403150,,298,2253,Z,54,Kotermaa
2,33,24667000,59411780,,228,2254,Z,16,Männiku
2,1,24702890,59427520,,203,2255,Z,108,Viru keskus
2,5,24756960,59437050,,80,2258,Z,109,Metsakooli tee
2,5,24712270,59402440,,272,2287,Z,58,Männiku
2,20,24736200,59409280,,31,2291,Z,74,Reisisadama D-terminal
2,32,24661390,59411590,,100,2292,Z,50,Männiku
2,10,24638520,59382910,,16,2293,Z,70,Väike-Õismäe
2,14,24661250,59411690,,77,2294,Z,10,Viru keskus
2,27,24669100,59404020,,166,2307,Z,15,Laagri alevik
2,84,24680370,59399500,,148,2311,Z,90,Keskuse
2,14,24661280,59411630,,59,2323,Z,22,Viru keskus
2,2,24660660,59408630,,92,2324,Z,134,Balti jaam
2,16,24639930,59414120,,339,2331,Z,53,Tallinn-Väike
2,26,24634580,59412380,,176,2333,Z,58,Väike-Õismäe
2,4,24640960,59412790,,316,2410,Z,26,Väike-Õismäe
2,62,24639870,59412270,,111,2413,Z,39,Mäeküla
2,4,24639810,59412260,,112,2417,Z,77,Tiskre
2,26,24678240,59428390,,75,2418,Z,39,Paljassaare
2,35,24831690,59434150,,255,2440,Z,31,Pelguranna
2,2,24783210,59425300,,310,2441,Z,22,Balti jaam
2,34,24906380,59467690,,247,2459,Z,58,Viru keskus
2,81,24747150,59432820,,94,2460,Z,181,Kaubamaja
2,14,24659450,59408820,,168,2471,Z,41,Vana-Pääsküla
2,72,24709210,59414890,,19,2472,Z,177,Kopli
2,1,24830910,59507620,,25,2483,Z,19,Viimsi keskus
2,5,24780520,59439620,,258,2497,Z,72,Männiku
2,46,24662180,59411290,,110,2498,Z,46,Väike-Õismäe
2,42,24744500,59432790,,73,2501,Z,55,Priisle
2,33,24691000,59453980,,135,2502,Z,42,Männiku
2,25,24677310,59428290,,77,2504,Z,99,Reisisadama D-terminal
2,73,24680100,59455570,,133,2513,Z,140,Vana-Lõuna
2,42,24672910,59428140,,258,2515,Z,188,Väike-Õismäe
2,12,24824350,59432860,,73,2519,Z,71,Seli
2,1,24807350,59451540,,25,2523,Z,43,Viimsi keskus
2,16,24634300,59412470,,186,2525,Z,70,Väike-Õismäe
2,16,24748280,59413210,,203,2526,Z,128,Väike-Õismäe
2,81,24690090,59413850,,205,2527,Z,162,Mustamäe
2,35,24819740,59444060,,106,2543,Z,144,Seli
2,10,24670190,59404170,,256,2556,Z,48,Väike-Õismäe
2,81,24658470,59401170,,305,2566,Z,106,Mustamäe
2,1,24832150,59466050,,222,2580,Z,120,Viru keskus
2,5,24717730,59377400,,177,2591,Z,22,Männiku
2,26,24651100,59411960,,222,2600,Z,84,Väike-Õismäe
2,18,24759560,59439160,,74,2614,Z,34,Viru keskus
2,32,24656510,59409950,,233,2618,Z,20,Männiku
2,84,24680090,59399600,,138,2635,Z,56,Keskuse
2,25,24741250,59427280,,268,2641,Z,80,Tiskre
2,72,24701180,59445920,,154,2643,Z,72,Keskuse
2,20,24763200,59443230,,262,2645,Z,62,Reisisadama D-terminal
2,2,24741000,59441520,,252,2647,Z,118,Balti jaam
2,46,24660850,59411430,,313,2648,Z,28,Väike-Õismäe
2,16,24758340,59429990,,229,2650,Z,15,Tallinn-Väike
2,46,24650650,59411760,,227,2660,Z,96,Väike-Õismäe
2,72,24682190,59398920,,260,2662,Z,22,Keskuse
2,16,24635200,59412220,,146,2668,Z,142,Väike-Õismäe
2,20,24689470,59402660,,298,2671,Z,31,Pääsküla jaam
2,72,24680200,59399610,,141,2672,Z,46,Keskuse
2,72,24675410,59457970,,315,2677,Z,149,Kopli
2,25,24763690,59439740,,349,2683,Z,25,Reisisadama D-terminal
2,20,24636850,59368560,,999,2684,Z,14,Reisisadama D-terminal
2,72,24662290,59410720,,287,2701,Z,242,Keskuse
2,5,24861430,59457970,,301,2707,Z,90,Männiku
2,36,24635720,59412480,,130,2720,Z,86,Väike-Õismäe
2,2,24798760,59418980,,130,2721,Z,99,Mõigu
2,46,24662090,59411230,,122,2722,Z,8,Väike-Õismäe
2,84,24671460,59399730,,347,2724,Z,148,Keskuse
2,10,24629960,59359960,,174,2726,Z,31,Vana-Pääsküla
2,14,24748560,59428190,,253,2727,Z,32,Viru keskus
2,84,24724060,59431060,,169,2728,Z,124,Keskuse
2,4,24564630,59435480,,228,2729,Z,100,Väike-Õismäe
2,5,24738600,59413050,,192,2730,Z,46,Männiku
2,10,24677470,59398290,,256,2731,Z,89,Vana-Pääsküla
2,57,24759870,59365340,,320,2732,Z,73,Kalev
2,54,24774310,59426130,,323,2757,Z,108,Väike-Õismäe
2,33,24706250,59377750,,110,2764,Z,30,Männiku
2,26,24703380,59453740,,105,2770,Z,20,Väike-Õismäe
2,5,24727290,59398730,,14,2773,Z,153,Metsakooli tee
2,84,24720220,59428130,,6,2775,Z,27,Balti jaam
2,57,24717400,59384340,,181,2776,Z,34,Raudalu
2,33,24680580,59417020,,82,2777,Z,55,Kopli
2,34,24781890,59439760,,246,2789,Z,40,Viru keskus
2,72,24704220,59443160,,331,2849,Z,123,Kopli
2,34,24760330,59438820,,88,2861,Z,91,Muuga aedlinn
2,5,24659220,59408800,,170,2895,Z,8,Männiku
2,54,24638300,59419010,,24,2897,Z,87,Priisle
2,13,24890790,59449820,,316,2915,Z,34,Väike-Õismäe
2,73,24746000,59433120,,3,3008,Z,185,Kopli liinid
2,34,24884090,59472420,,69,3011,Z,75,Muuga aedlinn
2,15,24811090,59422780,,2,3012,Z,97,Sõjamäe
2,67,24730020,59429020,,257,3013,Z,27,Sütiste
2,35,24751330,59436050,,232,3014,Z,93,Pelguranna
2,42,24780900,59432620,,103,3018,Z,37,Priisle
2,34,24763380,59437200,,86,3020,Z,119,Muuga aedlinn
2,40,24854540,59442320,,245,3021,Z,105,Pelguranna
2,15,24779380,59426940,,315,3023,Z,22,Estonia
2,60,24897310,59444960,,301,3024,Z,128,Seli
2,48,24838240,59434970,,72,3029,Z,48,Pirita keskus
2,46,24842260,59432740,,76,3030,Z,37,Seli
2,66,24842310,59432900,,28,3031,Z,98,Priisle
2,9,24890560,59447280,,67,3032,Z,63,Priisle
2,42,24770120,59434030,,281,3033,Z,206,Väike-Õismäe
2,40,24692540,59448620,,266,3036,Z,47,Pelguranna
2,40,24895970,59447790,,83,3044,Z,146,Priisle
2,50,24859770,59434630,,248,3060,Z,67,Majaka põik
2,60,24844580,59432880,,283,3062,Z,146,Seli
2,13,24635880,59412470,,127,3063,Z,96,Väike-Õismäe
2,42,24865000,59442380,,256,3067,Z,222,Väike-Õismäe
2,67,24882160,59441900,,69,3070,Z,166,Seli
2,18A,24745680,59432000,,8,3086,Z,38,Viru keskus
2,58,24828600,59436420,,152,3101,Z,28,Priisle
2,7,24809140,59420340,,249,3102,Z,79,Sõjamäe
2,29,24895150,59451170,,118,3105,Z,36,Viru keskus
2,9,24840850,59431650,,176,3135,Z,19,Priisle
2,3,24846730,59432120,,350,3154,Z,36,Vana-Lõuna
2,15,24778020,59427460,,133,3182,Z,119,Sõjamäe
2,9,24840870,59431880,,228,3190,Z,81,Priisle
2,13,24835680,59429040,,333,3201,Z,59,Priisle
2,5,24676570,59377720,,338,3206,Z,166,Männiku
2,16,24697100,59421350,,205,3207,Z,84,Väike-Õismäe
2,46,24840710,59431830,,228,3211,Z,69,Seli
2,48,24904530,59460130,,59,3213,Z,30,Pirita keskus
2,44,24805040,59443200,,101,3218,Z,89,P. Pinna
2,29,24755810,59437160,,336,3229,Z,17,Priisle
2,31,24790720,59433740,,56,3245,Z,120,Priisle
2,29,24894000,59447990,,73,3251,Z,55,Priisle
2,44,24763540,59437420,,256,3261,Z,26,Viru keskus
2,58,24828120,59436480,,333,3267,Z,83,Majaka põik
2,12,24635910,59412590,,113,3270,Z,123,Seli
2,49,24802110,59421410,,180,3274,Z,48,Viimsi keskus
2,6,24825410,59457740,,254,3275,Z,28,Merivälja Pansion
2,66,24824610,59440300,,149,3278,Z,48,Priisle
2,63,24866790,59454890,,81,3280,Z,24,Priisle
2,31,24840240,59432550,,269,3283,Z,136,Priisle
2,40,24786320,59440920,,234,3296,Z,89,Pelguranna
2,55,24759440,59439200,,57,3298,Z,20,Hobujaama
2,31,24760020,59435390,,284,3303,Z,16,Priisle
2,49,24825600,59462450,,46,3306,Z,64,Viimsi keskus
2,48,24904800,59461310,,160,3313,Z,81,Vesse
2,54,24841480,59431630,,149,3318,Z,125,Priisle
2,48,24848610,59436690,,253,3319,Z,15,Vesse
2,67,24897040,59445250,,340,3321,Z,154,Seli
2,40,24895350,59447750,,999,3322,Z,163,Pelguranna
2,12,24898110,59444980,,159,3360,Z,53,Seli
2,60,24781300,59439680,,248,3365,Z,75,Maneezi
2,31,24864460,59444620,,56,3374,Z,100,Priisle
2,38,24913890,59491400,,302,3378,Z,32,Viru keskus
2,3,24741640,59420140,,315,3380,Z,18,Vana-Lõuna
2,59,24661100,59408560,,98,3381,Z,86,Balti jaam
2,13,24635620,59413230,,290,3382,Z,108,Väike-Õismäe
2,54,24643500,59411490,,111,3388,Z,23,Priisle
2,35,24896780,59445190,,32,3391,Z,126,Seli
2,60,24890880,59448700,,170,3392,Z,22,Seli
2,85,24677000,59404880,,80,3393,Z,143,Balti jaam
2,44,24842300,59432210,,236,3394,Z,144,Viru keskus
2,40,24733010,59434920,,334,3395,Z,71,Pelguranna
2,40,24718320,59437250,,143,3399,Z,58,Priisle
2,16,24695500,59419400,,20,3400,Z,33,Tallinn-Väike
2,7,24845780,59440100,,84,3420,Z,108,Seli
2,32,24717760,59378880,,357,3430,Z,40,Männiku
2,31,24832610,59434270,,253,3432,Z,37,Estonia
2,3,24699000,59449410,,222,3433,Z,71,Pelguranna
2,46,24842550,59431950,,185,3434,Z,17,Seli
2,50,24896830,59445230,,21,3436,Z,100,Seli
2,7,24793360,59422970,,93,3447,Z,17,Sõjamäe
2,39,24763660,59432470,,83,3450,Z,55,Liikuri
2,39,24764280,59420900,,85,3457,Z,74,Vana-Lõuna
2,39,24779690,59428370,,238,3458,Z,26,Vana-Lõuna
2,35,24897340,59445230,,999,3468,Z,109,Pelguranna
2,40,24762420,59432780,,106,3469,Z,14,Priisle
2,12,24897260,59444990,,999,3470,Z,38,Väike-Õismäe
2,35,24880540,59441540,,86,3479,Z,14,Seli
2,15,24808500,59420340,,270,3485,Z,50,Estonia
2,12,24711560,59402470,,272,3487,Z,164,Väike-Õismäe
2,67,24791540,59434350,,239,3488,Z,57,Sütiste
2,42,24839890,59432440,,232,3490,Z,125,Priisle
2,33,24718160,59366310,,3,3499,Z,90,Männiku
2,58,24896420,59446340,,169,3505,Z,56,Priisle
2,7,24883830,59444150,,253,3511,Z,39,Sõjamäe
2,49,24800340,59423060,,302,3512,Z,15,Lennujaam
2,35,24704350,59442890,,152,3517,Z,48,Seli
2,36,24751540,59436050,,57,3528,Z,100,Väike-Õismäe
2,61,24618170,59405820,,42,3529,Z,120,Kotermaa
2,2,24736640,59439320,,234,3530,Z,47,Mõigu
2,49,24842410,59432080,,187,3531,Z,75,Lennujaam
2,46,24842450,59432760,,69,3532,Z,53,Seli
2,54,24864090,59448550,,247,3533,Z,120,Väike-Õismäe
2,85,24716750,59432760,,56,3535,Z,85,Balti jaam
2,35,24751040,59434170,,56,3536,Z,62,Seli
2,44,24851180,59440090,,13,3539,Z,58,Viru keskus
2,35,24708580,59438990,,333,3541,Z,79,Pelguranna
2,13,24681450,59405090,,297,3547,Z,120,Väike-Õismäe
2,13,24656940,59404760,,44,3548,Z,85,Priisle
2,15,24865850,59416290,,305,3550,Z,145,Sõjamäe
2,1,24759910,59439210,,92,3551,Z,138,Viru keskus
2,49,24831260,59465600,,225,3558,Z,33,Lennujaam
2,54,24657960,59426370,,250,3562,Z,98,Väike-Õismäe
2,42,24895320,59447710,,68,3564,Z,245,Priisle
2,3,24725310,59449240,,130,3573,Z,108,Vana-Lõuna
2,45,24668320,59410050,,18,3574,Z,108,Väike-Õismäe
2,50,24817650,59432240,,85,3576,Z,30,Seli
2,67,24758130,59429060,,89,3581,Z,142,Seli
2,13,24760600,59414540,,32,3582,Z,71,Priisle
2,13,24656270,59409810,,105,3583,Z,130,Väike-Õismäe
2,46,24897170,59445000,,27,3585,Z,87,Seli
2,55,24850890,59426300,,342,3586,Z,42,Hobujaama
2,50,24889040,59443190,,69,3593,Z,138,Seli
2,55,24837640,59429520,,71,3594,Z,63,P. Pinna
2,60,24815900,59445210,,57,3644,Z,48,Seli
2,58,24895380,59447410,,187,3670,Z,150,Priisle
2,12,24707970,59402890,,121,3702,Z,87,Seli
2,42,24651780,59412340,,215,3703,Z,172,Väike-Õismäe
2,31,24892060,59448970,,310,3715,Z,59,Estonia
2,58,24895220,59447890,,68,3763,Z,116,Priisle
2,48,24839990,59432660,,227,3779,Z,59,Vesse
2,46,24770710,59433940,,104,3788,Z,105,Seli
2,66,24737450,59439460,,51,3790,Z,32,Priisle
2,42,24697670,59429340,,97,3792,Z,71,Priisle
2,63,24760760,59435260,,202,3794,Z,56,Priisle
2,63,24875350,59454710,,265,3810,Z,85,Maneezi
2,66,24715530,59433180,,302,3898,Z,85,Pelguranna
2,60,24860430,59450650,,342,3920,Z,103,Maneezi
2,67,24881720,59441890,,248,3929,Z,87,Sütiste
