3,1,24732660,59441630,,83,96,Z,37,Kadriorg
3,2,24665520,59462740,,317,97,Z,112,Kopli
3,5,24679970,59455740,,134,98,Z,75,Vana-Lõuna
3,1,24762160,59437250,,88,99,Z,203,Kadriorg
3,2,24668990,59461320,,314,102,Z,72,Kopli
3,2,24764530,59432600,,295,123,Z,172,Kopli
3,1,24668460,59461070,,138,136,false,71,Kadriorg
3,1,24737790,59441050,,261,138,false,148,Kopli
3,2,24814580,59426820,,84,148,Z,241,Suur-Paala
3,5,24669700,59461020,,320,181,false,98,Kopli
3,5,24746130,59433620,,13,507,Z,22,Kopli
3,3,24733880,59410890,,198,508,Z,104,Tondi
3,4,24814370,59426810,,255,510,Z,123,Suur-Paala
3,4,24793300,59427620,,124,513,Z,145,Suur-Paala
3,3,24757760,59437270,,271,515,Z,156,Tondi
3,4,24745930,59433230,,199,516,Z,44,Tondi
3,2,24806940,59426470,,265,519,Z,194,Kopli
3,4,24813800,59426800,,251,520,Z,95,Suur-Paala
3,2,24814350,59426880,,257,522,false,211,Suur-Paala
3,5,24742900,59428640,,208,523,false,47,Vana-Lõuna
3,3,24743020,59428810,,14,525,false,47,Kadriorg
3,2,24689510,59455140,,277,526,false,128,Kopli
3,4,24780200,59427410,,221,528,false,74,Tondi
3,2,24762420,59433860,,129,529,false,17,Suur-Paala
3,1,24669290,59461230,,319,530,false,94,Kopli
3,1,24680990,59455290,,303,531,false,124,Kopli
3,1,24767860,59437910,,254,533,false,180,Kopli
3,2,24703410,59453610,,103,534,false,55,Suur-Paala
3,4,24736070,59409800,,86,535,false,229,Suur-Paala
3,2,24749150,59443570,,103,537,false,33,Suur-Paala
3,4,24755780,59437210,,65,542,false,175,Suur-Paala
3,2,24752780,59444700,,259,543,false,150,Kopli
2,83,24659100,59400160,,127,1003,Z,50,Mustamäe
2,12,24645600,59419460,,76,1009,Z,105,Seli
2,8,24650860,59411780,,59,1012,Z,56,Väike-Õismäe
2,23,24661560,59411680,,66,1013,Z,134,Kadaka
2,23,24714720,59403970,,57,1014,Z,59,Bussijaam
2,12,24639520,59415690,,186,1017,Z,24,Väike-Õismäe
2,42,24721250,59427690,,255,1018,Z,24,Väike-Õismäe
2,23,24658220,59411250,,224,1019,Z,126,Kadaka
2,23,24709860,59396620,,196,1022,Z,40,Kadaka
2,40,24835910,59444590,,67,1023,Z,30,Priisle
2,23,24658430,59410470,,206,1024,Z,26,Kadaka
2,67,24721320,59418020,,23,1028,Z,100,Seli
2,36,24635480,59412030,,119,1029,Z,64,Väike-Õismäe
2,67,24658490,59410520,,144,1030,Z,109,Sütiste
2,8,24754190,59441090,,289,1031,Z,152,Väike-Õismäe
2,42,24644250,59422020,,33,1099,Z,97,Priisle
2,14,24660880,59411350,,290,1107,Z,51,Vana-Pääsküla
2,24,24663700,59397520,,135,1108,Z,38,Kadaka
2,45,24660950,59411310,,128,1109,Z,76,Väike-Õismäe
2,37,24659360,59410580,,54,1110,Z,64,Mustamäe
2,9,24661080,59411280,,293,1112,Z,52,Kadaka
2,8,24661170,59411260,,30,1113,Z,96,Väike-Õismäe
2,24,24654740,59403740,,225,1115,Z,141,Estonia
2,21A,24596110,59440960,,152,1117,Z,26,Väike-Õismäe
2,11,24700680,59405010,,204,1118,Z,14,Kadaka
2,37,24661360,59411190,,92,1120,Z,12,Mustamäe
2,85,24658660,59400990,,217,1121,Z,52,Mustamäe
2,3,24749540,59428100,,33,1141,Z,149,Pelguranna
2,37,24664600,59410920,,281,1143,Z,83,Zoo
2,28,24751660,59419110,,344,1144,Z,19,Väike-Õismäe
2,8,24890470,59481280,,82,1145,Z,124,Väike-Õismäe
2,8,24718590,59433220,,58,1149,Z,45,Äigrumäe
2,24,24662690,59395960,,38,1153,Z,81,Estonia
2,24,24752030,59434030,,999,1158,Z,60,Kadaka
2,11,24662740,59409560,,28,1160,Z,90,Kadaka
2,11,24751960,59434280,,323,1161,Z,28,Kadaka
2,54,24895330,59447860,,88,1164,Z,9,Priisle
2,24,24682370,59404520,,117,1166,Z,17,Estonia
2,28,24688350,59402980,,297,1167,Z,97,Väike-Õismäe
2,11,24659430,59411130,,30,1168,Z,40,Kadaka
2,11,24659420,59411510,,241,1169,Z,50,Kadaka
2,24,24728820,59429290,,302,1170,Z,102,Kadaka
2,37,24659560,59411180,,42,1171,Z,50,Mustamäe
2,59,24711090,59445160,,164,1180,Z,60,Balti jaam
2,21B,24661090,59426620,,71,1187,Z,44,Balti jaam
2,41,24742280,59441660,,53,1203,Z,52,Balti jaam
2,42,24837930,59439800,,85,1214,Z,13,Priisle
2,20A,24736170,59409690,,206,1215,Z,29,Laagri alevik
2,3,24762760,59432830,,112,1222,Z,54,Vana-Lõuna
2,28,24741820,59420440,,75,1223,Z,38,Vana-Lõuna
2,21,24606310,59447500,,306,1225,Z,37,Landi
2,85,24700860,59425400,,207,1230,Z,112,Mustamäe
2,28,24727590,59408680,,59,1232,Z,58,Vana-Lõuna
2,8,24650670,59424690,,246,1235,Z,140,Väike-Õismäe
2,54,24863580,59439500,,68,1236,Z,35,Priisle
2,54,24758270,59429010,,111,1238,Z,61,Priisle
2,41,24593140,59443800,,151,1240,Z,70,Balti jaam
2,28,24644650,59411270,,110,1243,Z,78,Vana-Lõuna
2,11,24659730,59408710,,122,1244,Z,78,Kadaka
2,20A,24692960,59401660,,116,1248,Z,72,Viru keskus
2,83,24716780,59424260,,204,1249,Z,110,Mustamäe
2,21,24742470,59441730,,70,1277,Z,10,Balti jaam
2,8,24835500,59470750,,14,1281,Z,13,Äigrumäe
2,24,24700290,59404540,,204,1289,Z,224,Kadaka
2,83,24748600,59433000,,89,1302,Z,79,Kaubamaja
2,8,24716630,59432860,,244,1304,Z,174,Väike-Õismäe
2,18A,24714070,59386560,,232,1305,Z,75,Urda
2,23,24655890,59405000,,39,1315,Z,114,Kadaka
2,42,24635630,59412650,,146,1316,Z,138,Väike-Õismäe
2,36,24660560,59401620,,46,1317,Z,151,Viru
2,45,24810930,59422050,,173,1350,Z,60,Väike-Õismäe
2,45,24676000,59392210,,116,1351,Z,17,Ülemiste
2,21A,24642860,59418910,,47,1353,Z,53,Kakumäe
2,45,24635560,59412060,,999,1354,Z,39,Ülemiste
2,8,24639600,59415240,,357,1355,Z,69,Äigrumäe
2,36,24730150,59403160,,23,1384,Z,133,Viru
2,67,24896960,59445250,,0,1401,Z,42,Seli
2,45,24721820,59392250,,235,1408,Z,120,Väike-Õismäe
2,13,24838550,59425640,,161,1415,Z,22,Väike-Õismäe
2,18,24720530,59389160,,37,1421,Z,16,Viru keskus
2,40,24895360,59447670,,199,1422,Z,130,Priisle
2,18,24630060,59354180,,194,1423,Z,61,Laagri
2,36,24655950,59403850,,328,1427,Z,116,Väike-Õismäe
2,12,24818370,59432320,,261,1428,Z,14,Väike-Õismäe
2,23,24657560,59402380,,147,1438,Z,15,Bussijaam
2,1,24759800,59439200,,24,1442,Z,90,Viru keskus
2,18A,24636470,59364690,,74,1449,Z,58,Viru keskus
2,14,24631020,59362690,,212,1474,Z,61,Vana-Pääsküla
2,11,24661140,59408150,,129,1475,Z,64,Kadaka
2,9,24660840,59408310,,133,1477,Z,30,Kadaka
2,83,24704120,59408460,,27,1486,Z,165,Kaubamaja
2,13,24877850,59449640,,97,1491,Z,45,Priisle
2,67,24698840,59397040,,306,1492,Z,131,Sütiste
2,23,24745740,59432680,,84,1494,Z,95,Bussijaam
2,66,24806030,59443180,,284,1500,Z,67,Pelguranna
2,3,24733330,59436840,,2,1506,Z,127,Pelguranna
2,13,24767080,59419680,,239,1516,Z,10,Väike-Õismäe
2,36,24721180,59392060,,234,1520,Z,26,Väike-Õismäe
2,67,24681010,59398850,,345,1546,Z,72,Seli
2,18,24749670,59435510,,237,1561,Z,79,Laagri
2,23,24742970,59433100,,272,1563,Z,78,Kadaka
2,37,24661440,59399200,,329,1742,Z,32,Mustamäe
2,21B,24752730,59436580,,191,1744,Z,35,Kakumäe
2,8,24635220,59412280,,148,1747,Z,84,Väike-Õismäe
2,8,24827060,59463550,,229,1813,Z,166,Väike-Õismäe
2,24,24646010,59400230,,57,1829,Z,240,Kadaka
2,20A,24629420,59364600,,186,1861,Z,13,Laagri alevik
2,18,24657990,59410050,,228,1888,Z,46,Viru keskus
2,9,24657510,59410560,,217,1908,Z,90,Kadaka
2,41,24730070,59435000,,81,1942,Z,24,Balti jaam
2,24,24713170,59419850,,27,1956,Z,181,Estonia
2,41,24713730,59432140,,239,1957,Z,39,Landi
2,59,24728540,59436360,,259,1960,Z,29,Pikakari
2,24,24656120,59404970,,54,1961,Z,122,Kadaka
2,85,24666770,59403810,,257,1967,Z,26,Mustamäe
2,28,24660230,59408730,,102,1969,Z,112,Vana-Lõuna
2,16,24752610,59433580,,308,2032,Z,112,Väike-Õismäe
2,73,24741840,59420120,,310,2034,Z,67,Kopli liinid
2,25,24660790,59410030,,122,2061,Z,65,Reisisadama D-terminal
2,27,24671100,59400420,,350,2064,Z,62,Harkujärve
2,73,24706140,59453930,,273,2065,Z,161,Kopli liinid
2,61,24683060,59406750,,208,2068,Z,99,Järve haigla
2,81,24663590,59403070,,48,2069,Z,49,Kaubamaja
2,81,24695840,59419750,,23,2070,Z,23,Kaubamaja
2,25,24589730,59433790,,296,2073,Z,52,Tiskre
2,81,24725830,59435450,,237,2074,Z,134,Mustamäe
2,81,24658690,59400570,,216,2122,Z,78,Mustamäe
2,5,24847120,59459000,,99,2123,Z,135,Metsakooli tee
2,61,24662510,59411490,,67,2126,Z,36,Kotermaa
2,10,24635940,59412160,,133,2132,Z,111,Vana-Pääsküla
2,73,24748560,59445290,,134,2133,Z,92,Vana-Lõuna
2,20,24769980,59442030,,143,2134,Z,47,Pääsküla jaam
2,73,24741280,59419890,,306,2140,Z,114,Vana-Lõuna
2,12,24634830,59412690,,197,2148,Z,146,Väike-Õismäe
2,72,24690140,59399730,,76,2181,Z,199,Kopli
2,72,24679660,59400070,,129,2188,Z,224,Keskuse
2,72,24712220,59419090,,205,2189,Z,98,Keskuse
2,27,24583420,59414690,,265,2194,Z,34,Harkujärve
2,61,24631700,59410070,,218,2198,Z,20,Kotermaa
2,73,24741560,59420100,,330,2199,Z,44,Vana-Lõuna
2,32,24659410,59411690,,231,2208,Z,10,Männiku
2,61,24629890,59404770,,94,2209,Z,77,Järve haigla
2,27,24606550,59413420,,153,2212,Z,48,Harkujärve
2,32,24659540,59411740,,308,2221,Z,30,Männiku
2,33,24693140,59379030,,243,2224,Z,73,Kopli
2,4,24660880,59411430,,305,2228,Z,52,Väike-Õismäe
2,10,24660950,59411390,,110,2234,Z,124,Väike-Õismäe
2,34,24759700,59439200,,59,2246,Z,18,Viru keskus
2,61,24706030,59400860,,183,2253,Z,54,Kotermaa
2,33,24665650,59410540,,202,2254,Z,16,Männiku
2,1,24695060,59419050,,205,2255,Z,108,Viru keskus
2,5,24762540,59437080,,89,2258,Z,109,Metsakooli tee
2,5,24696340,59406260,,295,2287,Z,58,Männiku
2,20,24739920,59414970,,13,2291,Z,74,Reisisadama D-terminal
2,32,24661380,59411580,,100,2292,Z,50,Männiku
2,10,24645930,59386830,,115,2293,Z,70,Väike-Õismäe
2,14,24661250,59411680,,77,2294,Z,10,Viru keskus
2,27,24671070,59399840,,164,2307,Z,15,Laagri alevik
2,84,24680360,59399510,,148,2311,Z,90,Keskuse
2,14,24661280,59411640,,59,2323,Z,22,Viru keskus
2,2,24660650,59408600,,92,2324,Z,134,Balti jaam
2,16,24644260,59419350,,62,2331,Z,53,Tallinn-Väike
2,26,24634580,59412390,,176,2333,Z,58,Väike-Õismäe
2,4,24635230,59412490,,121,2410,Z,26,Väike-Õismäe
2,62,24633780,59412990,,205,2413,Z,39,Mäeküla
2,4,24647860,59411080,,100,2417,Z,77,Tiskre
2,26,24691990,59429540,,86,2418,Z,39,Paljassaare
2,35,24828280,59437030,,338,2440,Z,31,Pelguranna
2,2,24776780,59428190,,312,2441,Z,22,Balti jaam
2,34,24898350,59472920,,324,2459,Z,58,Viru keskus
2,81,24752580,59434710,,54,2460,Z,181,Kaubamaja
2,14,24659540,59408880,,168,2471,Z,41,Vana-Pääsküla
2,72,24714120,59420970,,24,2472,Z,177,Kopli
2,1,24829510,59509070,,290,2483,Z,19,Viimsi keskus
2,5,24769250,59438180,,251,2497,Z,72,Männiku
2,46,24662160,59411290,,110,2498,Z,46,Väike-Õismäe
2,42,24749120,59433300,,74,2501,Z,55,Priisle
2,33,24697710,59449280,,144,2502,Z,42,Männiku
2,25,24694980,59429510,,94,2504,Z,99,Reisisadama D-terminal
2,73,24689730,59454690,,115,2513,Z,140,Vana-Lõuna
2,42,24657100,59426130,,246,2515,Z,188,Väike-Õismäe
2,12,24831080,59434010,,73,2519,Z,71,Seli
2,1,24813080,59458360,,37,2523,Z,43,Viimsi keskus
2,16,24635440,59411980,,129,2525,Z,70,Väike-Õismäe
2,16,24751820,59412370,,113,2526,Z,128,Väike-Õismäe
2,81,24687030,59410520,,205,2527,Z,162,Mustamäe
2,35,24826420,59438430,,152,2543,Z,144,Seli
2,10,24667750,59409320,,40,2556,Z,48,Väike-Õismäe
2,81,24658470,59401170,,305,2566,Z,106,Mustamäe
2,1,24825340,59462670,,227,2580,Z,120,Viru keskus
2,5,24717230,59371820,,190,2591,Z,22,Männiku
2,26,24642630,59411890,,299,2600,Z,84,Väike-Õismäe
2,18,24759590,59439180,,74,2614,Z,34,Viru keskus
2,32,24656510,59409970,,233,2618,Z,20,Männiku
2,84,24680260,59399200,,138,2635,Z,57,Balti jaam
2,25,24736140,59427660,,285,2641,Z,80,Tiskre
2,72,24706180,59441150,,151,2643,Z,72,Keskuse
2,20,24763200,59443230,,262,2645,Z,62,Reisisadama D-terminal
2,2,24741000,59441530,,252,2647,Z,118,Balti jaam
2,46,24660860,59411430,,313,2648,Z,28,Väike-Õismäe
2,16,24752610,59428810,,256,2650,Z,15,Tallinn-Väike
2,46,24642120,59412160,,307,2660,Z,96,Väike-Õismäe
2,72,24674880,59398000,,259,2662,Z,22,Keskuse
2,16,24635200,59412220,,146,2668,Z,142,Väike-Õismäe
2,20,24679940,59404970,,280,2671,Z,31,Pääsküla jaam
2,72,24680200,59399610,,141,2672,Z,46,Keskuse
2,72,24669560,59460950,,315,2677,Z,149,Kopli
2,25,24770360,59441330,,66,2683,Z,25,Reisisadama D-terminal
2,20,24629640,59365880,,6,2684,Z,14,Reisisadama D-terminal
2,72,24661150,59411860,,319,2701,Z,242,Keskuse
2,5,24850310,59458710,,282,2707,Z,90,Männiku
2,2,24796250,59417070,,238,2721,Z,99,Mõigu
2,84,24674150,59400300,,255,2724,Z,148,Keskuse
2,10,24629270,59354450,,208,2726,Z,31,Vana-Pääsküla
2,14,24732190,59428300,,287,2727,Z,32,Viru keskus
2,84,24725490,59428690,,164,2728,Z,124,Keskuse
2,4,24562290,59432600,,133,2729,Z,100,Väike-Õismäe
2,5,24732030,59405610,,209,2730,Z,46,Männiku
2,10,24673290,59394840,,171,2731,Z,89,Vana-Pääsküla
2,57,24753220,59370250,,333,2732,Z,73,Kalev
2,54,24768840,59427410,,285,2757,Z,108,Väike-Õismäe
2,33,24716670,59375480,,113,2764,Z,30,Männiku
2,26,24699020,59449410,,223,2770,Z,20,Väike-Õismäe
2,5,24730340,59403510,,21,2773,Z,153,Metsakooli tee
2,84,24718180,59430880,,341,2775,Z,27,Balti jaam
2,57,24718430,59375170,,177,2776,Z,34,Raudalu
2,33,24686550,59420150,,117,2777,Z,55,Kopli
2,34,24775840,59439150,,263,2789,Z,40,Viru keskus
2,72,24699560,59447660,,330,2849,Z,123,Kopli
2,34,24760390,59438940,,88,2861,Z,91,Muuga aedlinn
2,5,24659130,59408700,,170,2895,Z,8,Männiku
2,54,24656200,59425580,,67,2897,Z,87,Priisle
2,13,24879540,59449570,,282,2915,Z,34,Väike-Õismäe
2,73,24751110,59435830,,57,3008,Z,185,Kopli liinid
2,34,24895710,59473970,,105,3011,Z,75,Muuga aedlinn
2,15,24821880,59422030,,110,3012,Z,97,Sõjamäe
2,67,24720920,59427490,,249,3013,Z,27,Sütiste
2,35,24745280,59433010,,217,3014,Z,93,Pelguranna
2,42,24796690,59434900,,85,3018,Z,37,Priisle
2,34,24768380,59437970,,72,3020,Z,119,Muuga aedlinn
2,40,24847160,59442870,,335,3021,Z,105,Pelguranna
2,15,24774460,59429190,,311,3023,Z,22,Estonia
2,60,24897310,59444960,,301,3024,Z,128,Seli
2,48,24848100,59436490,,76,3029,Z,48,Pirita keskus
2,46,24842230,59432710,,76,3030,Z,37,Seli
2,66,24843070,59432600,,127,3031,Z,98,Priisle
2,9,24893500,59447840,,70,3032,Z,63,Priisle
2,42,24764330,59434760,,285,3033,Z,206,Väike-Õismäe
2,40,24691230,59446590,,172,3036,Z,47,Pelguranna
2,50,24857130,59437560,,334,3060,Z,67,Majaka põik
2,60,24840480,59431710,,247,3062,Z,146,Seli
2,13,24635880,59412470,,127,3063,Z,96,Väike-Õismäe
2,42,24854400,59440660,,255,3067,Z,222,Väike-Õismäe
2,67,24893120,59443840,,68,3070,Z,166,Seli
2,18A,24752380,59434640,,57,3086,Z,38,Viru keskus
2,58,24830890,59434160,,152,3101,Z,28,Priisle
2,7,24802070,59420790,,289,3102,Z,79,Sõjamäe
2,29,24906710,59453430,,56,3105,Z,36,Viru keskus
2,9,24840830,59431690,,176,3135,Z,19,Priisle
2,3,24840870,59432110,,244,3154,Z,36,Vana-Lõuna
2,15,24783920,59424680,,128,3182,Z,119,Sõjamäe
2,9,24840880,59431860,,228,3190,Z,81,Priisle
2,13,24833440,59431580,,333,3201,Z,59,Priisle
2,5,24673500,59384650,,53,3206,Z,166,Männiku
2,16,24693710,59417670,,204,3207,Z,84,Väike-Õismäe
2,46,24840730,59431810,,228,3211,Z,69,Seli
2,48,24904230,59466400,,4,3213,Z,30,Pirita keskus
2,44,24815530,59445020,,57,3218,Z,89,P. Pinna
2,29,24757410,59435800,,165,3229,Z,17,Priisle
2,31,24809170,59435830,,69,3245,Z,120,Priisle
2,29,24895740,59447720,,68,3251,Z,55,Priisle
2,44,24758000,59437320,,273,3261,Z,26,Viru keskus
2,58,24819790,59438530,,262,3267,Z,83,Majaka põik
2,12,24635910,59412590,,113,3270,Z,123,Seli
2,49,24807020,59420290,,92,3274,Z,48,Viimsi keskus
2,6,24820010,59460790,,63,3275,Z,28,Merivälja Pansion
2,66,24830760,59434280,,152,3278,Z,48,Priisle
2,63,24879770,59454770,,86,3280,Z,24,Priisle
2,31,24840320,59432550,,269,3283,Z,136,Priisle
2,40,24776500,59439210,,257,3296,Z,89,Pelguranna
2,55,24759430,59439190,,57,3298,Z,20,Hobujaama
2,31,24753130,59435000,,256,3303,Z,16,Priisle
2,49,24833810,59467280,,33,3306,Z,64,Viimsi keskus
2,44,24757310,59437790,,214,3310,Z,121,P. Pinna
2,48,24892950,59454300,,259,3313,Z,81,Vesse
2,54,24841480,59431630,,149,3318,Z,125,Priisle
2,48,24834740,59434590,,254,3319,Z,15,Vesse
2,67,24897040,59445250,,340,3321,Z,154,Seli
2,40,24895300,59447710,,999,3322,Z,163,Pelguranna
2,12,24896900,59445220,,324,3360,Z,53,Seli
2,60,24775290,59439080,,260,3365,Z,75,Maneezi
2,31,24861780,59448930,,342,3374,Z,100,Priisle
2,38,24908280,59498650,,323,3378,Z,32,Viru keskus
2,3,24741640,59420140,,315,3380,Z,18,Vana-Lõuna
2,59,24661180,59408560,,98,3381,Z,86,Balti jaam
2,13,24635530,59412570,,128,3382,Z,108,Väike-Õismäe
2,54,24653830,59413850,,30,3388,Z,23,Priisle
2,35,24896790,59445170,,32,3391,Z,126,Seli
2,60,24897110,59447140,,157,3392,Z,22,Seli
2,85,24682870,59406460,,28,3393,Z,143,Balti jaam
2,44,24844320,59433050,,1,3394,Z,144,Viru keskus
2,40,24727940,59436170,,240,3395,Z,71,Pelguranna
2,40,24723230,59434130,,86,3399,Z,58,Priisle
2,16,24698580,59422640,,26,3400,Z,33,Tallinn-Väike
2,7,24864090,59441580,,79,3420,Z,108,Seli
2,32,24718720,59387910,,19,3430,Z,40,Männiku
2,31,24818750,59432370,,265,3432,Z,37,Estonia
2,3,24696320,59448790,,255,3433,Z,71,Pelguranna
2,46,24842530,59431940,,185,3434,Z,17,Seli
2,50,24896830,59445230,,21,3436,Z,100,Seli
2,7,24802090,59422050,,164,3447,Z,17,Sõjamäe
2,39,24770160,59430860,,124,3450,Z,55,Liikuri
2,39,24788510,59424340,,74,3457,Z,74,Vana-Lõuna
2,39,24772820,59429880,,309,3458,Z,26,Vana-Lõuna
2,35,24894410,59444960,,278,3468,Z,109,Pelguranna
2,40,24764720,59436440,,0,3469,Z,14,Priisle
2,12,24897630,59444840,,84,3470,Z,38,Väike-Õismäe
2,35,24890910,59443660,,66,3479,Z,14,Seli
2,15,24799590,59419810,,204,3485,Z,50,Estonia
2,12,24707250,59403360,,300,3487,Z,164,Väike-Õismäe
2,67,24781310,59430740,,235,3488,Z,57,Sütiste
2,42,24839930,59432430,,232,3490,Z,125,Priisle
2,33,24718160,59366310,,3,3499,Z,90,Männiku
2,58,24900550,59441720,,214,3505,Z,56,Priisle
2,7,24870810,59443050,,265,3511,Z,39,Sõjamäe
2,49,24792020,59423100,,270,3512,Z,15,Lennujaam
2,35,24708030,59439250,,150,3517,Z,48,Seli
2,36,24752940,59436790,,286,3528,Z,100,Väike-Õismäe
2,61,24618170,59405820,,42,3529,Z,120,Kotermaa
2,2,24732830,59435100,,171,3530,Z,47,Mõigu
2,49,24842410,59432090,,187,3531,Z,75,Lennujaam
2,46,24842390,59432820,,69,3532,Z,53,Seli
2,54,24863490,59446290,,158,3533,Z,120,Väike-Õismäe
2,85,24725480,59434560,,67,3535,Z,85,Balti jaam
2,35,24756860,59435390,,89,3536,Z,62,Seli
2,44,24846690,59443710,,340,3539,Z,58,Viru keskus
2,35,24704200,59443260,,333,3541,Z,79,Pelguranna
2,13,24684360,59408570,,339,3547,Z,120,Väike-Õismäe
2,13,24662030,59408840,,15,3548,Z,85,Priisle
2,15,24865850,59416290,,305,3550,Z,145,Sõjamäe
2,49,24818970,59460960,,244,3558,Z,33,Lennujaam
2,54,24646860,59423390,,234,3562,Z,98,Väike-Õismäe
2,42,24895320,59447710,,68,3564,Z,245,Priisle
2,3,24730290,59447140,,122,3573,Z,108,Vana-Lõuna
2,45,24663700,59411430,,317,3574,Z,108,Väike-Õismäe
2,50,24830220,59433780,,73,3576,Z,30,Seli
2,1,24759230,59439350,,999,3579,Z,67,Viimsi keskus
2,67,24765650,59427790,,95,3581,Z,142,Seli
2,13,24775220,59421720,,61,3582,Z,71,Priisle
2,13,24656260,59409810,,105,3583,Z,130,Väike-Õismäe
2,46,24897170,59445020,,27,3585,Z,87,Seli
2,55,24847490,59431290,,341,3586,Z,42,Hobujaama
2,50,24896320,59443480,,69,3593,Z,138,Seli
2,55,24846890,59431160,,70,3594,Z,63,P. Pinna
2,60,24825630,59447820,,61,3644,Z,48,Seli
2,58,24895380,59447410,,187,3670,Z,151,Majaka põik
2,12,24718750,59402390,,82,3702,Z,87,Seli
2,42,24643250,59411710,,296,3703,Z,172,Väike-Õismäe
2,31,24891180,59452310,,331,3715,Z,59,Estonia
2,58,24895210,59447860,,68,3763,Z,116,Priisle
2,48,24840060,59432660,,227,3779,Z,59,Vesse
2,46,24782800,59432100,,121,3788,Z,105,Seli
2,66,24742950,59441610,,52,3790,Z,32,Priisle
2,42,24705350,59429050,,91,3792,Z,71,Priisle
2,63,24757420,59436780,,353,3794,Z,56,Priisle
2,63,24869790,59454950,,266,3810,Z,85,Maneezi
2,66,24709000,59438460,,331,3898,Z,85,Pelguranna
2,60,24847610,59451310,,272,3920,Z,103,Maneezi
2,67,24871780,59443100,,266,3929,Z,87,Sütiste
