3,1,24735750,59441450,,118,96,Z,39,Kadriorg
3,5,24669290,59461200,,314,98,Z,76,Kopli
3,1,24764990,59437470,,86,99,Z,205,Kadriorg
3,2,24757340,59436540,,355,102,Z,74,Kopli
3,2,24772210,59430210,,129,123,Z,173,Suur-Paala
3,1,24669020,59461340,,316,136,false,72,Kopli
3,1,24764300,59437600,,257,138,false,150,Kopli
3,2,24669010,59461300,,314,148,Z,242,Kopli
3,5,24746160,59444000,,282,181,false,100,Kopli
3,5,24744280,59421490,,42,507,Z,23,Vana-Lõuna
3,3,24733910,59410860,,198,508,Z,106,Tondi
3,4,24757910,59437260,,88,510,Z,125,Suur-Paala
3,4,24739420,59414440,,13,513,Z,147,Suur-Paala
3,3,24749300,59435350,,236,515,Z,158,Tondi
3,4,24772770,59430000,,309,516,Z,46,Tondi
3,2,24754510,59444910,,83,519,Z,195,Suur-Paala
3,4,24796690,59426470,,123,520,Z,97,Suur-Paala
3,2,24693770,59454710,,102,522,false,213,Suur-Paala
3,5,24717400,59446070,,124,523,false,49,Vana-Lõuna
3,3,24746000,59432960,,7,525,false,49,Kadriorg
3,2,24796410,59426600,,301,526,false,130,Kopli
3,4,24813670,59426780,,249,528,false,76,Tondi
3,1,24670500,59460530,,318,530,false,96,Kopli
3,1,24732290,59441640,,266,531,false,126,Kopli
3,2,24742550,59423300,,180,534,false,56,Pärnu mnt depoo
3,4,24734760,59412090,,212,535,false,230,Tondi
3,2,24716250,59446500,,304,537,false,34,Kopli
3,4,24733850,59410870,,213,542,false,176,Tondi
3,2,24817490,59427210,,84,543,false,151,Suur-Paala
2,83,24701030,59405450,,205,1003,Z,52,Mustamäe
2,12,24827500,59433460,,254,1009,Z,106,Väike-Õismäe
2,8,24658200,59410290,,30,1012,Z,56,Väike-Õismäe
2,23,24656080,59405040,,62,1014,Z,60,Kadaka
2,42,24895570,59448130,,67,1016,Z,155,Priisle
2,12,24658930,59410920,,209,1017,Z,24,Väike-Õismäe
2,42,24658300,59410370,,205,1018,Z,24,Väike-Õismäe
2,23,24657300,59409570,,176,1019,Z,126,Kadaka
2,23,24755890,59429200,,72,1022,Z,41,Bussijaam
2,40,24847670,59442470,,334,1023,Z,31,Pelguranna
2,23,24658410,59410470,,147,1024,Z,26,Kadaka
2,67,24757810,59429400,,294,1028,Z,101,Sütiste
2,36,24729520,59402820,,203,1029,Z,66,Väike-Õismäe
2,8,24658510,59410560,,210,1031,Z,152,Väike-Õismäe
2,42,24765310,59434690,,278,1099,Z,98,Väike-Õismäe
2,24,24746470,59432980,,280,1108,Z,40,Kadaka
2,45,24660970,59411340,,77,1109,Z,76,Väike-Õismäe
2,9,24661090,59411290,,82,1112,Z,52,Kadaka
2,24,24655520,59404760,,320,1115,Z,142,Kadaka
2,21A,24638170,59424820,,113,1117,Z,28,Väike-Õismäe
2,11,24661280,59411220,,107,1118,Z,14,Kadaka
2,85,24683070,59406760,,207,1121,Z,54,Mustamäe
2,3,24741730,59420260,,332,1141,Z,150,Vana-Lõuna
2,37,24650140,59420910,,325,1143,Z,85,Zoo
2,28,24741740,59420080,,313,1144,Z,20,Vana-Lõuna
2,8,24635330,59412220,,140,1145,Z,124,Väike-Õismäe
2,8,24754010,59441130,,287,1149,Z,46,Väike-Õismäe
2,8,24855170,59480330,,53,1152,Z,109,Äigrumäe
2,45,24783270,59423180,,270,1157,Z,94,Väike-Õismäe
2,24,24663710,59396860,,28,1158,Z,61,Estonia
2,11,24659190,59410900,,212,1160,Z,90,Kadaka
2,11,24659200,59410950,,197,1161,Z,28,Kadaka
2,54,24648110,59407970,,51,1164,Z,10,Väike-Õismäe
2,24,24656060,59404960,,70,1166,Z,18,Kadaka
2,28,24742100,59419530,,206,1167,Z,99,Väike-Õismäe
2,24,24698690,59403080,,44,1170,Z,103,Estonia
2,21,24735510,59429930,,236,1187,Z,59,Landi
2,41,24730720,59435030,,82,1203,Z,54,Balti jaam
2,41,24621230,59440990,,134,1204,Z,10,Balti jaam
2,42,24635840,59412510,,126,1214,Z,14,Väike-Õismäe
2,20A,24730670,59403860,,22,1215,Z,30,Viru keskus
2,36,24671120,59400440,,348,1216,Z,48,Väike-Õismäe
2,3,24728900,59447750,,306,1222,Z,55,Pelguranna
2,28,24731830,59410710,,47,1223,Z,40,Vana-Lõuna
2,85,24732790,59434940,,95,1230,Z,113,Balti jaam
2,28,24646830,59411090,,103,1232,Z,60,Vana-Lõuna
2,24,24708610,59414530,,200,1233,Z,204,Kadaka
2,8,24761010,59439550,,91,1235,Z,141,Äigrumäe
2,54,24718940,59427730,,273,1236,Z,36,Väike-Õismäe
2,54,24799820,59425970,,261,1238,Z,62,Väike-Õismäe
2,41,24741550,59441670,,59,1240,Z,70,Balti jaam
2,21,24598800,59444310,,229,1242,Z,25,Landi
2,28,24700510,59404840,,202,1243,Z,79,Väike-Õismäe
2,11,24659740,59408710,,113,1244,Z,78,Kadaka
2,83,24716280,59423380,,24,1249,Z,111,Kaubamaja
2,85,24658670,59400690,,161,1265,Z,170,Mustamäe
2,21,24694590,59429550,,92,1277,Z,12,Balti jaam
2,24,24722260,59427590,,68,1289,Z,225,Estonia
2,83,24742420,59432990,,251,1302,Z,82,Mustamäe
2,18A,24759420,59439200,,27,1305,Z,76,Viru keskus
2,23,24738650,59432150,,250,1315,Z,116,Kadaka
2,42,24895440,59447510,,188,1316,Z,140,Väike-Õismäe
2,36,24635490,59412000,,113,1317,Z,152,Väike-Õismäe
2,45,24724390,59393270,,25,1350,Z,61,Ülemiste
2,45,24636070,59412380,,104,1351,Z,19,Ülemiste
2,21A,24639100,59412420,,112,1353,Z,55,Kakumäe
2,45,24657680,59415010,,325,1354,Z,40,Väike-Õismäe
2,8,24820030,59461240,,246,1355,Z,70,Väike-Õismäe
2,67,24722500,59425300,,149,1401,Z,43,Sütiste
2,45,24660880,59412140,,349,1408,Z,120,Väike-Õismäe
2,13,24634590,59411830,,187,1415,Z,23,Priisle
2,83,24680600,59398540,,77,1419,Z,141,Kaubamaja
2,18,24714010,59386540,,231,1421,Z,17,Laagri
2,40,24688210,59444140,,176,1422,Z,131,Pelguranna
2,42,24853850,59440610,,258,1425,Z,114,Väike-Õismäe
2,23,24656000,59403740,,177,1426,Z,97,Bussijaam
2,36,24722060,59392250,,64,1427,Z,117,Viru
2,12,24709890,59402420,,118,1428,Z,15,Seli
2,23,24708570,59391700,,177,1438,Z,16,Kadaka
2,67,24897240,59444970,,8,1439,Z,120,Seli
2,1,24804620,59449530,,213,1442,Z,92,Viru keskus
2,18A,24742410,59426910,,176,1449,Z,59,Urda
2,14,24661110,59408110,,130,1474,Z,61,Vana-Pääsküla
2,11,24661150,59408140,,134,1475,Z,64,Kadaka
2,13,24681680,59404770,,298,1491,Z,46,Väike-Õismäe
2,67,24658660,59410660,,207,1492,Z,131,Sütiste
2,23,24656130,59404960,,58,1494,Z,96,Kadaka
2,20A,24611790,59358140,,11,1496,Z,46,Viru keskus
2,66,24867560,59440240,,69,1500,Z,68,Priisle
2,3,24750900,59418500,,62,1506,Z,129,Pelguranna
2,13,24739880,59405310,,56,1516,Z,11,Priisle
2,18A,24698770,59380370,,63,1518,Z,24,Viru keskus
2,36,24655150,59404320,,139,1520,Z,27,Viru
2,18,24740740,59417070,,12,1561,Z,80,Viru keskus
2,23,24725980,59408280,,60,1563,Z,79,Bussijaam
2,37,24658730,59400780,,172,1742,Z,34,Mustamäe
2,21B,24742270,59441640,,57,1744,Z,36,Balti jaam
2,8,24888910,59481660,,316,1747,Z,86,Väike-Õismäe
2,20A,24687610,59403200,,298,1772,Z,61,Laagri alevik
2,8,24704850,59429200,,88,1813,Z,167,Äigrumäe
2,20A,24759360,59439140,,27,1861,Z,14,Viru keskus
2,9,24660020,59408920,,140,1908,Z,90,Kadaka
2,41,24665650,59427570,,259,1942,Z,25,Landi
2,24,24654940,59403840,,218,1956,Z,183,Estonia
2,41,24740190,59441210,,236,1957,Z,41,Landi
2,59,24705150,59460440,,53,1960,Z,31,Pikakari
2,24,24669720,59404120,,256,1961,Z,124,Kadaka
2,28,24660240,59408700,,134,1969,Z,112,Vana-Lõuna
2,16,24658770,59409860,,133,2032,Z,112,Väike-Õismäe
2,73,24741580,59420200,,304,2034,Z,68,Vana-Lõuna
2,2,24733220,59434370,,334,2035,Z,76,Balti jaam
2,25,24659360,59408770,,160,2061,Z,65,Reisisadama D-terminal
2,27,24630590,59355660,,182,2064,Z,63,Laagri alevik
2,73,24751160,59420080,,342,2065,Z,163,Kopli liinid
2,61,24632900,59410960,,28,2068,Z,101,Järve haigla
2,81,24663600,59403070,,47,2069,Z,51,Kaubamaja
2,81,24708600,59430090,,63,2070,Z,25,Kaubamaja
2,25,24763480,59443270,,275,2073,Z,54,Tiskre
2,81,24732500,59436440,,12,2074,Z,136,Mustamäe
2,5,24769750,59438280,,253,2100,Z,180,Männiku
2,81,24658650,59400590,,150,2122,Z,80,Mustamäe
2,10,24668760,59405120,,334,2132,Z,112,Väike-Õismäe
2,73,24698950,59449370,,225,2133,Z,93,Kopli liinid
2,20,24657320,59402620,,144,2134,Z,48,Reisisadama D-terminal
2,73,24671190,59460060,,278,2140,Z,116,Vana-Lõuna
2,12,24896780,59445170,,338,2148,Z,147,Seli
2,72,24679860,59399690,,155,2181,Z,200,Keskuse
2,72,24680360,59399490,,147,2188,Z,226,Keskuse
2,72,24669680,59460900,,320,2189,Z,99,Kopli
2,27,24669330,59383090,,55,2194,Z,36,Harkujärve
2,61,24687360,59403260,,301,2198,Z,22,Kotermaa
2,73,24736530,59450170,,111,2199,Z,46,Vana-Lõuna
2,61,24615530,59404600,,215,2209,Z,78,Kotermaa
2,27,24661450,59411580,,63,2212,Z,48,Harkujärve
2,32,24661750,59410260,,123,2221,Z,30,Männiku
2,33,24683670,59388130,,158,2224,Z,74,Männiku
2,10,24660940,59411390,,110,2234,Z,124,Väike-Õismäe
2,34,24909460,59470450,,199,2246,Z,20,Viru keskus
2,61,24703630,59395490,,126,2253,Z,55,Järve haigla
2,33,24718170,59365950,,39,2254,Z,16,Männiku
2,1,24656550,59409940,,53,2255,Z,108,Viru keskus
2,5,24718150,59366420,,11,2258,Z,110,Männiku
2,20,24661100,59411760,,60,2291,Z,74,Reisisadama D-terminal
2,10,24665190,59410570,,119,2293,Z,71,Vana-Pääsküla
2,27,24589420,59418640,,294,2307,Z,16,Harkujärve
2,84,24680100,59399760,,136,2311,Z,92,Keskuse
2,14,24661290,59411650,,18,2323,Z,22,Viru keskus
2,10,24645610,59386910,,103,2330,Z,18,Väike-Õismäe
2,16,24692650,59416530,,206,2331,Z,54,Väike-Õismäe
2,26,24654440,59415190,,165,2333,Z,60,Väike-Õismäe
2,4,24635250,59412240,,138,2410,Z,28,Väike-Õismäe
2,62,24635150,59412260,,204,2413,Z,42,Väike-Õismäe
2,4,24582670,59435550,,115,2417,Z,80,Väike-Õismäe
2,26,24654110,59414130,,26,2418,Z,41,Paljassaare
2,35,24821320,59443530,,120,2440,Z,32,Seli
2,2,24799560,59418600,,21,2441,Z,24,Balti jaam
2,34,24657960,59409100,,239,2459,Z,58,Viru keskus
2,72,24680510,59399150,,146,2472,Z,179,Kopli
2,1,24820280,59460900,,62,2483,Z,21,Viimsi keskus
2,5,24764290,59437380,,86,2497,Z,73,Metsakooli tee
2,42,24677950,59428680,,252,2501,Z,56,Väike-Õismäe
2,33,24659770,59409450,,180,2502,Z,42,Männiku
2,25,24623730,59428470,,287,2504,Z,100,Tiskre
2,73,24754040,59438340,,18,2513,Z,141,Kopli liinid
2,42,24762460,59434940,,103,2515,Z,189,Priisle
2,12,24643320,59419490,,238,2519,Z,72,Väike-Õismäe
2,1,24758910,59439280,,30,2523,Z,45,Viimsi keskus
2,16,24755780,59435070,,65,2525,Z,71,Tallinn-Väike
2,16,24682280,59416250,,116,2526,Z,129,Tallinn-Väike
2,81,24752410,59434650,,54,2527,Z,163,Kaubamaja
2,35,24804130,59443400,,280,2543,Z,145,Pelguranna
2,10,24638870,59383710,,193,2556,Z,49,Vana-Pääsküla
2,33,24712620,59431340,,59,2557,Z,109,Kopli
2,81,24692490,59416340,,205,2566,Z,108,Mustamäe
2,5,24850370,59458700,,279,2591,Z,24,Männiku
2,26,24659540,59409120,,106,2600,Z,84,Väike-Õismäe
2,18,24627930,59350780,,23,2614,Z,36,Viru keskus
2,84,24708100,59413230,,21,2635,Z,59,Balti jaam
2,72,24701060,59446070,,153,2643,Z,74,Keskuse
2,20,24639470,59384890,,192,2645,Z,63,Pääsküla jaam
2,2,24777840,59427570,,135,2647,Z,119,Mõigu
2,16,24635270,59412150,,141,2650,Z,17,Tallinn-Väike
2,72,24683550,59399060,,256,2662,Z,24,Keskuse
2,16,24752390,59433970,,299,2668,Z,144,Väike-Õismäe
2,20,24757530,59436520,,358,2671,Z,32,Reisisadama D-terminal
2,72,24713280,59420230,,203,2672,Z,48,Keskuse
2,72,24709710,59415570,,19,2677,Z,151,Kopli
2,25,24693020,59429580,,84,2683,Z,27,Reisisadama D-terminal
2,20,24750140,59435660,,233,2684,Z,15,Pääsküla jaam
2,73,24743320,59429240,,209,2690,Z,22,Vana-Lõuna
2,72,24660510,59408470,,115,2701,Z,242,Keskuse
2,16,24748240,59413160,,201,2705,Z,100,Väike-Õismäe
2,5,24728510,59401130,,15,2707,Z,91,Metsakooli tee
2,36,24749980,59435470,,57,2720,Z,87,Viru
2,2,24662140,59411260,,308,2721,Z,100,Balti jaam
2,10,24661250,59411700,,331,2726,Z,32,Väike-Õismäe
2,84,24700740,59405060,,203,2728,Z,126,Keskuse
2,4,24661850,59411040,,314,2729,Z,100,Väike-Õismäe
2,5,24835870,59458970,,75,2730,Z,47,Metsakooli tee
2,10,24635420,59412040,,137,2731,Z,90,Väike-Õismäe
2,57,24728340,59400880,,11,2732,Z,75,Kalev
2,27,24606680,59413270,,153,2752,Z,83,Laagri alevik
2,54,24657520,59413220,,146,2757,Z,109,Priisle
2,33,24673210,59384500,,54,2764,Z,31,Kopli
2,26,24699630,59457730,,17,2770,Z,21,Paljassaare
2,5,24739550,59415440,,197,2773,Z,154,Männiku
2,84,24737650,59439730,,238,2775,Z,30,Keskuse
2,57,24763920,59362620,,141,2776,Z,36,Raudalu
2,33,24717940,59366380,,12,2777,Z,56,Männiku
2,34,24890070,59473860,,62,2789,Z,41,Muuga aedlinn
2,72,24708120,59439450,,334,2849,Z,125,Kopli
2,34,24794960,59443200,,218,2861,Z,91,Muuga aedlinn
2,54,24880220,59449530,,280,2897,Z,88,Väike-Õismäe
2,13,24635440,59411970,,151,2915,Z,34,Väike-Õismäe
2,34,24764590,59437380,,85,3011,Z,77,Muuga aedlinn
2,67,24777830,59430030,,35,3013,Z,28,Seli
2,35,24897140,59445000,,6,3014,Z,94,Seli
2,42,24652910,59413240,,209,3018,Z,38,Väike-Õismäe
2,34,24759360,59439180,,49,3020,Z,120,Viru keskus
2,40,24791030,59442400,,60,3021,Z,106,Priisle
2,15,24772840,59429840,,308,3023,Z,24,Estonia
2,60,24896880,59445240,,324,3024,Z,130,Seli
2,48,24851780,59438050,,157,3029,Z,49,Vesse
2,46,24841170,59431400,,204,3030,Z,37,Seli
2,66,24841030,59431450,,202,3031,Z,98,Priisle
2,42,24719560,59427370,,96,3033,Z,207,Priisle
2,40,24895310,59447670,,192,3036,Z,48,Priisle
2,40,24733010,59434650,,335,3044,Z,147,Pelguranna
2,50,24811950,59432000,,263,3060,Z,69,Majaka põik
2,13,24869700,59449650,,70,3063,Z,97,Priisle
2,42,24656060,59425560,,66,3067,Z,223,Priisle
2,54,24691570,59429530,,86,3072,Z,75,Priisle
2,18A,24630680,59357340,,172,3086,Z,39,Urda
2,58,24886810,59446470,,71,3101,Z,30,Priisle
2,7,24857040,59415750,,89,3102,Z,81,Sõjamäe
2,29,24893730,59451570,,119,3105,Z,37,Priisle
2,3,24840910,59432160,,129,3154,Z,36,Vana-Lõuna
2,15,24787350,59422940,,139,3182,Z,121,Sõjamäe
2,13,24798650,59423090,,271,3201,Z,60,Väike-Õismäe
2,5,24658280,59410440,,303,3206,Z,166,Männiku
2,16,24658310,59410450,,162,3207,Z,84,Väike-Õismäe
2,48,24850490,59432610,,70,3213,Z,32,Pirita keskus
2,44,24850970,59439070,,190,3218,Z,91,P. Pinna
2,29,24897870,59450700,,91,3229,Z,18,Viru keskus
2,31,24815760,59437220,,229,3245,Z,121,Estonia
2,29,24757360,59436980,,353,3251,Z,56,Viru keskus
2,31,24842900,59435730,,74,3260,Z,82,Priisle
2,44,24759560,59439180,,83,3261,Z,28,Viru keskus
2,58,24816610,59435100,,44,3267,Z,86,Priisle
2,12,24897010,59444720,,999,3270,Z,124,Väike-Õismäe
2,49,24833690,59430980,,156,3274,Z,49,Lennujaam
2,66,24760440,59439530,,87,3276,Z,16,Priisle
2,66,24713700,59434310,,324,3278,Z,49,Pelguranna
2,63,24895270,59447810,,66,3280,Z,26,Priisle
2,31,24842470,59432810,,268,3283,Z,136,Priisle
2,40,24862100,59443820,,71,3296,Z,90,Priisle
2,55,24758080,59435650,,284,3298,Z,22,Hobujaama
2,31,24862400,59447680,,156,3303,Z,19,Estonia
2,7,24814110,59432030,,85,3308,Z,62,Seli
2,44,24763880,59437370,,87,3310,Z,123,P. Pinna
2,48,24868550,59454900,,89,3313,Z,82,Pirita keskus
2,48,24869100,59468660,,65,3319,Z,17,Vesse
2,3,24723050,59450220,,131,3320,Z,92,Vana-Lõuna
2,67,24681650,59398830,,253,3321,Z,155,Sütiste
2,40,24733040,59434650,,94,3322,Z,164,Priisle
2,38,24896900,59474240,,153,3349,Z,20,Viru keskus
2,12,24635960,59412530,,120,3360,Z,54,Väike-Õismäe
2,60,24812350,59443670,,216,3365,Z,77,Maneezi
2,31,24763440,59434880,,98,3374,Z,102,Priisle
2,38,24842290,59432830,,249,3378,Z,32,Viru keskus
2,54,24865860,59439980,,68,3379,Z,49,Priisle
2,3,24752540,59434700,,55,3380,Z,20,Vana-Lõuna
2,13,24820900,59422180,,108,3382,Z,109,Priisle
2,54,24895200,59447870,,76,3388,Z,23,Priisle
2,35,24720020,59428460,,351,3391,Z,127,Pelguranna
2,60,24863030,59448280,,152,3392,Z,24,Seli
2,85,24688770,59412130,,23,3393,Z,145,Balti jaam
2,40,24895360,59447720,,80,3395,Z,72,Priisle
2,16,24635410,59411950,,141,3400,Z,34,Väike-Õismäe
2,7,24841310,59431830,,234,3420,Z,108,Seli
2,32,24660790,59408630,,137,3430,Z,40,Männiku
2,31,24895180,59447830,,163,3432,Z,38,Priisle
2,3,24842680,59432840,,103,3433,Z,72,Vana-Lõuna
2,50,24896800,59445260,,16,3436,Z,103,Majaka põik
2,7,24828870,59436060,,153,3447,Z,19,Sõjamäe
2,39,24820230,59445220,,332,3450,Z,58,Vana-Lõuna
2,39,24840600,59432300,,139,3457,Z,74,Vana-Lõuna
2,35,24749430,59433470,,43,3468,Z,110,Seli
2,40,24770360,59438360,,252,3469,Z,15,Pelguranna
2,12,24640050,59413920,,339,3470,Z,39,Seli
2,35,24695100,59444000,,91,3479,Z,16,Seli
2,15,24805680,59420350,,270,3485,Z,52,Estonia
2,12,24825160,59432980,,73,3487,Z,165,Seli
2,67,24721580,59427430,,62,3488,Z,58,Seli
2,33,24713690,59432170,,241,3499,Z,92,Männiku
2,49,24829360,59499160,,157,3512,Z,17,Lennujaam
2,35,24874590,59439170,,248,3517,Z,49,Pelguranna
2,36,24660920,59408440,,127,3528,Z,100,Väike-Õismäe
2,61,24642700,59406850,,98,3529,Z,122,Kotermaa
2,2,24741950,59441800,,60,3530,Z,48,Balti jaam
2,49,24842390,59432080,,192,3531,Z,75,Lennujaam
2,46,24842390,59432110,,169,3532,Z,53,Seli
2,85,24722560,59434080,,251,3535,Z,88,Mustamäe
2,44,24805770,59443270,,285,3539,Z,60,Viru keskus
2,35,24842710,59431900,,193,3541,Z,80,Seli
2,13,24668100,59410370,,106,3547,Z,121,Priisle
2,13,24895400,59447600,,146,3548,Z,85,Priisle
2,15,24865860,59416290,,268,3550,Z,147,Sõjamäe
2,1,24829470,59509090,,277,3551,Z,139,Viimsi keskus
2,49,24806540,59443100,,287,3558,Z,34,Viimsi keskus
2,54,24770560,59427120,,108,3562,Z,99,Priisle
2,42,24636610,59412900,,113,3564,Z,247,Priisle
2,3,24661070,59408530,,127,3573,Z,108,Vana-Lõuna
2,45,24660500,59408500,,115,3574,Z,108,Väike-Õismäe
2,50,24896950,59445250,,0,3576,Z,32,Seli
2,24,24641750,59398970,,238,3577,Z,164,Kadaka
2,1,24757650,59437960,,341,3579,Z,68,Viru keskus
2,67,24863820,59442140,,249,3581,Z,143,Sütiste
2,13,24829180,59435740,,156,3582,Z,72,Väike-Õismäe
2,46,24842320,59432170,,251,3585,Z,87,Seli
2,55,24862440,59433650,,70,3586,Z,44,Hobujaama
2,50,24861830,59435010,,68,3593,Z,140,Seli
2,55,24778040,59433060,,107,3594,Z,65,P. Pinna
2,15,24834920,59417820,,123,3625,Z,79,Sõjamäe
2,60,24773500,59438760,,72,3644,Z,50,Seli
2,58,24854960,59440750,,255,3670,Z,153,Majaka põik
2,12,24716690,59402450,,265,3702,Z,88,Väike-Õismäe
2,42,24843270,59439960,,87,3703,Z,173,Priisle
2,31,24863080,59454270,,66,3715,Z,60,Priisle
2,58,24895410,59447570,,157,3763,Z,118,Priisle
2,48,24840960,59432230,,127,3779,Z,59,Vesse
2,46,24840900,59432310,,126,3788,Z,105,Seli
2,66,24815570,59445200,,234,3790,Z,33,Pelguranna
2,42,24729790,59429090,,297,3792,Z,72,Väike-Õismäe
2,63,24786770,59440900,,58,3794,Z,58,Priisle
2,63,24833430,59452140,,239,3810,Z,87,Maneezi
2,66,24895400,59447650,,200,3898,Z,86,Priisle
2,60,24896040,59448210,,327,3920,Z,105,Maneezi
2,67,24697840,59398570,,154,3929,Z,88,Seli
