3,1,24726230,59442680,,295,96,Z,40,Kopli
3,5,24749850,59435540,,235,98,Z,77,Vana-Lõuna
3,1,24669600,59461070,,321,99,Z,206,Kopli
3,2,24666000,59462770,,82,102,Z,74,Kopli
3,2,24784790,59430160,,270,123,Z,174,Kopli
3,1,24769350,59438150,,252,136,false,74,Kopli
3,1,24679160,59456170,,135,138,false,151,Kadriorg
3,2,24760910,59434400,,148,148,Z,243,Suur-Paala
3,5,24665220,59462820,,317,181,false,100,Kopli
3,5,24668740,59461440,,318,507,Z,24,Kopli
3,3,24784760,59440430,,318,508,Z,108,Tondi
3,4,24760420,59434890,,323,510,Z,126,Tondi
3,4,24808870,59426560,,264,513,Z,148,Tondi
3,3,24742650,59422540,,358,515,Z,159,Kadriorg
3,4,24733850,59410900,,203,516,Z,47,Suur-Paala
3,2,24772770,59430000,,310,519,Z,196,Pärnu mnt depoo
3,4,24742640,59424440,,0,520,Z,98,Tondi
3,2,24807900,59426490,,83,522,false,213,Suur-Paala
3,5,24745990,59433080,,10,523,false,50,Kopli
3,2,24671910,59459740,,319,526,false,130,Kopli
3,4,24742520,59421430,,11,528,false,77,Pärnu mnt depoo
3,1,24750180,59443380,,106,530,false,97,Kadriorg
3,1,24744000,59443680,,25,531,false,127,Pärnu mnt depoo
3,4,24758380,59437200,,98,535,false,231,Suur-Paala
3,2,24723610,59443550,,130,537,false,35,Suur-Paala
3,4,24796820,59426440,,123,542,false,177,Suur-Paala
3,2,24751840,59444350,,252,543,false,152,Kopli
2,83,24668920,59397080,,81,1003,Z,53,Kaubamaja
2,12,24635400,59412570,,126,1009,Z,106,Väike-Õismäe
2,42,24747620,59432920,,231,1016,Z,156,Väike-Õismäe
2,12,24658540,59411080,,209,1017,Z,24,Väike-Õismäe
2,23,24696760,59387870,,253,1022,Z,42,Kadaka
2,40,24700170,59447170,,333,1023,Z,31,Pelguranna
2,36,24635450,59412010,,165,1029,Z,66,Väike-Õismäe
2,24,24655980,59405000,,81,1108,Z,40,Kadaka
2,24,24652470,59394830,,95,1115,Z,143,Estonia
2,11,24661270,59411220,,107,1118,Z,14,Kadaka
2,85,24689360,59412710,,26,1121,Z,55,Balti jaam
2,3,24728550,59447880,,307,1141,Z,151,Pelguranna
2,37,24658790,59400800,,138,1143,Z,86,Mustamäe
2,28,24700290,59404590,,202,1144,Z,21,Väike-Õismäe
2,8,24795360,59443160,,64,1145,Z,125,Äigrumäe
2,8,24635110,59412270,,173,1149,Z,47,Äigrumäe
2,8,24778560,59443190,,247,1152,Z,110,Väike-Õismäe
2,24,24693430,59401530,,119,1153,Z,83,Estonia
2,24,24707260,59412600,,200,1158,Z,62,Kadaka
2,11,24659230,59410940,,197,1161,Z,28,Kadaka
2,54,24650360,59409230,,229,1164,Z,11,Priisle
2,24,24709940,59415880,,19,1166,Z,19,Estonia
2,28,24640630,59412140,,167,1167,Z,100,Vana-Lõuna
2,24,24669810,59404140,,256,1170,Z,104,Kadaka
2,59,24711500,59464450,,208,1180,Z,64,Balti jaam
2,21,24626160,59428920,,129,1187,Z,60,Balti jaam
2,41,24742350,59441680,,42,1203,Z,54,Balti jaam
2,41,24739610,59440930,,252,1204,Z,10,Balti jaam
2,42,24752360,59434610,,53,1214,Z,15,Priisle
2,20A,24759480,59439180,,40,1215,Z,30,Viru keskus
2,36,24640300,59412760,,280,1216,Z,49,Viru
2,3,24750720,59428440,,246,1222,Z,56,Vana-Lõuna
2,28,24741870,59420310,,41,1223,Z,40,Vana-Lõuna
2,8,24858590,59482330,,208,1235,Z,142,Väike-Õismäe
2,54,24635420,59412250,,122,1236,Z,36,Väike-Õismäe
2,54,24640250,59405050,,89,1238,Z,62,Väike-Õismäe
2,41,24726040,59435540,,237,1240,Z,71,Landi
2,21,24739050,59440110,,49,1242,Z,26,Balti jaam
2,28,24715530,59411090,,114,1243,Z,80,Vana-Lõuna
2,83,24657760,59400830,,237,1249,Z,112,Mustamäe
2,85,24719450,59433450,,250,1265,Z,172,Mustamäe
2,21,24752740,59436570,,189,1277,Z,13,Landi
2,8,24723660,59434210,,73,1281,Z,15,Äigrumäe
2,24,24646160,59399890,,11,1289,Z,226,Kadaka
2,18A,24736550,59410090,,206,1305,Z,77,Urda
2,42,24698900,59429440,,278,1316,Z,140,Väike-Õismäe
2,36,24673280,59394870,,170,1317,Z,153,Viru
2,45,24671380,59399790,,346,1350,Z,62,Väike-Õismäe
2,45,24809860,59420340,,228,1351,Z,20,Väike-Õismäe
2,21A,24624250,59429720,,143,1353,Z,56,Väike-Õismäe
2,45,24683680,59388230,,163,1354,Z,41,Ülemiste
2,8,24639660,59414830,,179,1355,Z,70,Väike-Õismäe
2,36,24738400,59411910,,20,1384,Z,135,Viru
2,67,24684390,59395080,,132,1401,Z,43,Sütiste
2,13,24793480,59422980,,92,1415,Z,23,Priisle
2,83,24708600,59414550,,200,1419,Z,142,Mustamäe
2,18,24655310,59369190,,49,1421,Z,18,Viru keskus
2,40,24824540,59447090,,115,1422,Z,132,Priisle
2,18,24666220,59373590,,246,1423,Z,63,Laagri
2,67,24745040,59430440,,198,1424,Z,14,Seli
2,42,24646890,59420420,,252,1425,Z,114,Väike-Õismäe
2,23,24755860,59429210,,72,1426,Z,97,Bussijaam
2,36,24684930,59387840,,292,1427,Z,118,Väike-Õismäe
2,12,24896890,59445210,,316,1428,Z,15,Seli
2,23,24656190,59404950,,88,1438,Z,17,Bussijaam
2,67,24785440,59432180,,234,1439,Z,121,Sütiste
2,1,24759410,59439250,,50,1442,Z,93,Viimsi keskus
2,18A,24609330,59341200,,319,1449,Z,60,Viru keskus
2,14,24661130,59408120,,130,1474,Z,61,Vana-Pääsküla
2,11,24661150,59408150,,134,1475,Z,64,Kadaka
2,83,24751940,59434210,,317,1486,Z,168,Mustamäe
2,13,24635770,59412520,,110,1491,Z,47,Priisle
2,23,24658710,59410720,,204,1494,Z,96,Kadaka
2,20A,24742670,59427070,,359,1496,Z,46,Viru keskus
2,66,24872160,59443120,,266,1500,Z,69,Pelguranna
2,3,24699400,59449550,,46,1506,Z,130,Vana-Lõuna
2,13,24869540,59449610,,68,1516,Z,11,Priisle
2,36,24742510,59426500,,175,1520,Z,28,Väike-Õismäe
2,67,24744490,59433130,,275,1546,Z,73,Sütiste
2,18,24757540,59435710,,189,1561,Z,81,Laagri
2,23,24735220,59429870,,237,1563,Z,80,Kadaka
2,37,24647580,59422930,,330,1742,Z,35,Zoo
2,21,24650430,59430430,,315,1744,Z,47,Landi
2,8,24733180,59436800,,204,1747,Z,86,Väike-Õismäe
2,20A,24633030,59372450,,15,1772,Z,62,Viru keskus
2,8,24885480,59483500,,146,1813,Z,167,Äigrumäe
2,20A,24656380,59403470,,327,1861,Z,15,Laagri alevik
2,41,24706330,59429540,,71,1942,Z,26,Balti jaam
2,24,24746490,59433010,,277,1956,Z,184,Kadaka
2,41,24592960,59443960,,330,1957,Z,41,Landi
2,59,24690700,59414540,,205,1960,Z,32,Balti jaam
2,24,24660040,59408690,,114,1961,Z,124,Kadaka
2,85,24732680,59435000,,93,1967,Z,29,Balti jaam
2,16,24658740,59409900,,133,2032,Z,112,Väike-Õismäe
2,73,24745350,59447840,,336,2034,Z,69,Kopli liinid
2,2,24757690,59433880,,100,2035,Z,77,Mõigu
2,27,24670560,59401460,,346,2064,Z,64,Harkujärve
2,73,24699590,59449660,,46,2065,Z,164,Vana-Lõuna
2,61,24687220,59403270,,298,2068,Z,102,Kotermaa
2,81,24728170,59436210,,256,2069,Z,52,Mustamäe
2,81,24686050,59409530,,207,2070,Z,26,Mustamäe
2,25,24581850,59435870,,297,2073,Z,54,Tiskre
2,81,24662560,59402580,,45,2074,Z,137,Kaubamaja
2,81,24752340,59434630,,53,2122,Z,81,Kaubamaja
2,5,24803600,59448410,,37,2123,Z,137,Metsakooli tee
2,10,24645010,59411210,,111,2132,Z,113,Vana-Pääsküla
2,73,24749520,59424270,,168,2133,Z,94,Vana-Lõuna
2,20,24770550,59441680,,67,2134,Z,48,Reisisadama D-terminal
2,73,24741440,59420190,,311,2140,Z,116,Vana-Lõuna
2,12,24797300,59425670,,255,2148,Z,148,Väike-Õismäe
2,72,24682740,59454760,,258,2181,Z,201,Kopli
2,72,24716010,59432950,,327,2188,Z,227,Kopli
2,72,24679800,59399760,,144,2189,Z,100,Keskuse
2,27,24583410,59414690,,261,2194,Z,36,Harkujärve
2,61,24615600,59404610,,212,2198,Z,22,Kotermaa
2,73,24741790,59420180,,307,2199,Z,46,Vana-Lõuna
2,61,24703890,59395670,,62,2209,Z,79,Järve haigla
2,32,24661590,59410160,,216,2221,Z,30,Männiku
2,33,24709770,59377010,,294,2224,Z,75,Kopli
2,10,24660960,59411390,,110,2234,Z,124,Väike-Õismäe
2,34,24759420,59439200,,61,2246,Z,20,Viru keskus
2,61,24632590,59404660,,276,2253,Z,56,Kotermaa
2,33,24718160,59365950,,39,2254,Z,16,Männiku
2,5,24740790,59417230,,12,2258,Z,111,Metsakooli tee
2,10,24629340,59362330,,349,2293,Z,72,Väike-Õismäe
2,27,24645730,59411150,,103,2307,Z,17,Laagri alevik
2,84,24723760,59433770,,202,2311,Z,94,Keskuse
2,10,24634930,59412330,,216,2330,Z,18,Väike-Õismäe
2,16,24648640,59419210,,111,2331,Z,55,Tallinn-Väike
2,26,24691620,59429520,,87,2333,Z,61,Paljassaare
2,4,24629840,59427030,,114,2410,Z,30,Väike-Õismäe
2,62,24620200,59407300,,62,2413,Z,44,Väike-Õismäe
2,4,24655570,59415050,,52,2417,Z,81,Tiskre
2,26,24701610,59445570,,153,2418,Z,42,Väike-Õismäe
2,2,24742150,59441610,,999,2441,Z,25,Mõigu
2,34,24658010,59409100,,239,2459,Z,58,Viru keskus
2,72,24695810,59450630,,144,2472,Z,180,Keskuse
2,1,24806500,59451110,,201,2483,Z,22,Viru keskus
2,5,24803090,59448470,,216,2497,Z,74,Männiku
2,42,24651120,59418290,,329,2501,Z,57,Priisle
2,33,24659650,59409490,,180,2502,Z,42,Männiku
2,25,24747660,59427870,,73,2504,Z,101,Reisisadama D-terminal
2,73,24738390,59449810,,114,2513,Z,142,Vana-Lõuna
2,42,24867980,59442790,,258,2515,Z,190,Väike-Õismäe
2,12,24663380,59411340,,136,2519,Z,73,Seli
2,1,24829890,59509060,,279,2523,Z,45,Viimsi keskus
2,16,24722480,59427880,,249,2525,Z,72,Väike-Õismäe
2,16,24759870,59417400,,48,2526,Z,130,Väike-Õismäe
2,35,24700050,59446630,,33,2543,Z,146,Seli
2,10,24694300,59400880,,49,2556,Z,50,Väike-Õismäe
2,33,24668310,59405650,,163,2557,Z,110,Männiku
2,81,24702490,59426960,,24,2566,Z,109,Kaubamaja
2,5,24717650,59378650,,177,2591,Z,24,Männiku
2,26,24635560,59412030,,149,2600,Z,84,Väike-Õismäe
2,18,24757660,59435280,,358,2614,Z,36,Viru keskus
2,84,24675010,59398030,,261,2635,Z,60,Keskuse
2,25,24764140,59440160,,249,2641,Z,82,Tiskre
2,72,24679970,59399600,,156,2643,Z,74,Keskuse
2,20,24693720,59401470,,120,2645,Z,64,Reisisadama D-terminal
2,2,24751240,59434320,,231,2647,Z,120,Balti jaam
2,16,24750800,59421020,,168,2650,Z,17,Tallinn-Väike
2,72,24659680,59409270,,139,2662,Z,24,Keskuse
2,16,24635470,59411960,,148,2668,Z,144,Väike-Õismäe
2,20,24741800,59420190,,192,2671,Z,33,Pääsküla jaam
2,72,24704080,59408370,,24,2672,Z,49,Kopli
2,72,24719480,59429050,,158,2677,Z,152,Keskuse
2,73,24748140,59428000,,349,2690,Z,23,Kopli liinid
2,16,24653290,59416590,,327,2705,Z,100,Väike-Õismäe
2,5,24880000,59459040,,92,2707,Z,92,Männiku
2,36,24634140,59413320,,4,2720,Z,88,Väike-Õismäe
2,2,24662150,59411250,,308,2721,Z,100,Balti jaam
2,10,24661970,59411140,,127,2726,Z,32,Väike-Õismäe
2,84,24717240,59424470,,24,2728,Z,127,Balti jaam
2,5,24746040,59433530,,219,2730,Z,48,Männiku
2,10,24677940,59386340,,243,2731,Z,91,Vana-Pääsküla
2,57,24763980,59362570,,146,2732,Z,76,Raudalu
2,54,24774070,59427660,,60,2757,Z,109,Priisle
2,33,24697740,59449260,,145,2764,Z,32,Männiku
2,26,24635350,59412270,,155,2770,Z,22,Väike-Õismäe
2,5,24718070,59374080,,0,2773,Z,155,Metsakooli tee
2,57,24735710,59409220,,213,2776,Z,38,Raudalu
2,33,24665550,59410960,,291,2777,Z,57,Kopli
2,34,24785600,59440610,,231,2789,Z,42,Viru keskus
2,72,24696130,59401960,,222,2849,Z,126,Keskuse
2,34,24774880,59438950,,73,2861,Z,91,Muuga aedlinn
2,54,24723630,59428060,,247,2897,Z,88,Väike-Õismäe
2,13,24679560,59409120,,103,2915,Z,35,Priisle
2,73,24692080,59453320,,323,3008,Z,187,Kopli liinid
2,34,24932300,59481370,,255,3011,Z,78,Viru keskus
2,67,24896760,59445200,,23,3013,Z,28,Seli
2,35,24857370,59437240,,333,3014,Z,95,Pelguranna
2,42,24693220,59429570,,86,3018,Z,39,Priisle
2,34,24889820,59473800,,62,3020,Z,121,Muuga aedlinn
2,40,24895210,59447770,,65,3021,Z,106,Priisle
2,15,24865670,59416230,,288,3023,Z,25,Sõjamäe
2,60,24786680,59441090,,235,3024,Z,131,Maneezi
2,48,24847690,59436420,,74,3029,Z,50,Pirita keskus
2,23,24709340,59395420,,13,3034,Z,61,Bussijaam
2,40,24752810,59433650,,294,3036,Z,49,Pelguranna
2,40,24755830,59434930,,156,3044,Z,148,Priisle
2,50,24896940,59445240,,16,3060,Z,70,Seli
2,13,24828460,59448480,,247,3063,Z,98,Väike-Õismäe
2,42,24875670,59442840,,87,3067,Z,223,Priisle
2,54,24862560,59448000,,339,3072,Z,75,Priisle
2,18A,24736760,59409820,,32,3086,Z,40,Viru keskus
2,58,24829740,59433760,,249,3101,Z,31,Majaka põik
2,7,24889960,59444830,,73,3102,Z,82,Seli
2,29,24903290,59451820,,58,3105,Z,38,Viru keskus
2,3,24840960,59432160,,129,3154,Z,36,Vana-Lõuna
2,13,24635880,59412600,,109,3201,Z,60,Väike-Õismäe
2,16,24658300,59410450,,162,3207,Z,84,Väike-Õismäe
2,48,24872890,59469580,,233,3213,Z,32,Pirita keskus
2,29,24759530,59439180,,60,3229,Z,18,Viru keskus
2,31,24860500,59443530,,68,3245,Z,122,Priisle
2,29,24889140,59452830,,122,3251,Z,57,Priisle
2,44,24836860,59435460,,315,3261,Z,30,Viru keskus
2,58,24895240,59447810,,85,3267,Z,86,Priisle
2,12,24685030,59408460,,287,3270,Z,124,Väike-Õismäe
2,49,24802120,59421490,,183,3274,Z,50,Viimsi keskus
2,66,24795640,59443020,,69,3278,Z,50,Priisle
2,63,24761170,59435610,,223,3280,Z,28,Priisle
2,40,24885800,59446310,,247,3296,Z,91,Pelguranna
2,55,24836400,59429330,,67,3298,Z,23,P. Pinna
2,31,24782130,59432300,,109,3303,Z,20,Priisle
2,49,24826360,59462780,,47,3306,Z,66,Viimsi keskus
2,7,24867270,59442690,,256,3308,Z,63,Sõjamäe
2,44,24786280,59440850,,231,3310,Z,124,Viru keskus
2,48,24869930,59454960,,266,3313,Z,83,Vesse
2,48,24844350,59426530,,70,3319,Z,17,Vesse
2,67,24710080,59405790,,31,3321,Z,156,Seli
2,40,24881330,59445810,,63,3322,Z,164,Priisle
2,38,24759270,59439160,,999,3349,Z,21,Muuga
2,12,24763050,59416400,,37,3360,Z,55,Seli
2,60,24891070,59448530,,159,3365,Z,78,Seli
2,38,24843040,59432800,,115,3378,Z,32,Viru keskus
2,54,24887420,59449050,,242,3379,Z,50,Väike-Õismäe
2,3,24755890,59434620,,7,3380,Z,21,Pelguranna
2,54,24797020,59425640,,255,3388,Z,24,Väike-Õismäe
2,35,24764160,59435550,,60,3391,Z,128,Seli
2,60,24875990,59449810,,277,3392,Z,25,Maneezi
2,85,24683070,59406760,,208,3393,Z,146,Mustamäe
2,40,24813060,59444180,,232,3395,Z,73,Pelguranna
2,16,24714670,59427740,,92,3400,Z,35,Tallinn-Väike
2,31,24770970,59434020,,283,3432,Z,39,Estonia
2,3,24842660,59432850,,103,3433,Z,72,Vana-Lõuna
2,50,24884510,59442340,,68,3436,Z,104,Seli
2,7,24787930,59422770,,260,3447,Z,20,Seli
2,39,24751230,59419940,,348,3450,Z,59,Liikuri
2,39,24798460,59435470,,190,3458,Z,30,Vana-Lõuna
2,35,24897190,59445000,,4,3468,Z,110,Seli
2,40,24707700,59439730,,149,3469,Z,16,Priisle
2,12,24843440,59440010,,87,3470,Z,39,Seli
2,35,24830550,59434510,,152,3479,Z,16,Seli
2,15,24808320,59420370,,89,3485,Z,53,Sõjamäe
2,12,24866930,59442640,,256,3487,Z,166,Väike-Õismäe
2,33,24717690,59368300,,173,3499,Z,92,Männiku
2,7,24810120,59420330,,91,3511,Z,41,Sõjamäe
2,49,24798560,59423080,,271,3512,Z,17,Lennujaam
2,35,24718360,59430660,,339,3517,Z,49,Pelguranna
2,36,24660980,59408480,,127,3528,Z,100,Väike-Õismäe
2,61,24640650,59407010,,278,3529,Z,123,Järve haigla
2,2,24800000,59413350,,327,3530,Z,50,Balti jaam
2,54,24691890,59429540,,86,3533,Z,121,Priisle
2,85,24658630,59400760,,261,3535,Z,88,Mustamäe
2,35,24780190,59439590,,257,3536,Z,63,Pelguranna
2,44,24786820,59440950,,56,3539,Z,61,P. Pinna
2,35,24842710,59431910,,193,3541,Z,80,Seli
2,13,24838920,59425130,,340,3547,Z,121,Priisle
2,13,24802240,59420810,,48,3548,Z,86,Väike-Õismäe
2,15,24755580,59435390,,72,3550,Z,149,Sõjamäe
2,1,24759920,59439210,,87,3551,Z,140,Viru keskus
2,66,24895130,59447950,,999,3552,Z,87,Pelguranna
2,49,24832790,59466700,,188,3558,Z,35,Lennujaam
2,42,24781920,59432390,,105,3564,Z,247,Priisle
2,50,24797420,59426290,,283,3576,Z,34,Majaka põik
2,24,24647910,59401000,,239,3577,Z,165,Estonia
2,1,24824830,59462110,,62,3579,Z,69,Viimsi keskus
2,67,24707350,59403510,,205,3581,Z,143,Sütiste
2,13,24683830,59407200,,26,3582,Z,72,Väike-Õismäe
2,55,24757370,59436030,,175,3586,Z,44,Hobujaama
2,50,24882840,59442080,,251,3593,Z,141,Majaka põik
2,55,24841540,59432110,,253,3594,Z,65,P. Pinna
2,15,24802210,59422980,,0,3625,Z,80,Estonia
2,58,24895360,59447720,,102,3670,Z,154,Priisle
2,12,24635540,59412610,,151,3702,Z,88,Väike-Õismäe
2,42,24797610,59435290,,276,3703,Z,174,Väike-Õismäe
2,31,24851730,59438100,,157,3715,Z,61,Estonia
2,58,24830830,59434210,,154,3763,Z,120,Priisle
2,46,24840880,59432310,,126,3788,Z,105,Seli
2,66,24703500,59439740,,103,3790,Z,34,Priisle
2,42,24635740,59412480,,123,3792,Z,72,Väike-Õismäe
2,63,24876410,59454700,,265,3794,Z,59,Maneezi
2,63,24856980,59451170,,119,3810,Z,88,Priisle
2,66,24763550,59440320,,194,3898,Z,87,Pelguranna
2,60,24792670,59442550,,77,3920,Z,106,Seli
2,67,24861880,59441340,,74,3929,Z,88,Seli
