3,1,24771600,59438500,,252,96,Z,38,Kopli
3,2,24665540,59462740,,317,97,Z,112,Kopli
3,5,24745970,59433210,,196,98,Z,75,Vana-Lõuna
3,1,24743790,59443480,,207,99,Z,204,Kopli
3,2,24749210,59443580,,102,102,Z,73,Suur-Paala
3,2,24704380,59453270,,318,123,Z,172,Kopli
3,1,24755470,59437170,,75,136,false,71,Kadriorg
3,1,24669070,59461310,,320,138,false,149,Kadriorg
3,2,24813820,59426840,,256,148,Z,241,Suur-Paala
3,5,24676050,59457770,,134,181,false,99,Vana-Lõuna
3,5,24674960,59458360,,314,507,Z,22,Kopli
3,3,24742680,59424860,,0,508,Z,105,Kadriorg
3,4,24780770,59427750,,221,510,Z,124,Tondi
3,4,24813740,59426800,,264,513,Z,145,Suur-Paala
3,3,24734160,59411290,,197,515,Z,156,Tondi
3,4,24735360,59409720,,131,516,Z,45,Suur-Paala
3,2,24755340,59444980,,270,519,Z,194,Kopli
3,4,24760830,59437000,,10,520,Z,96,Tondi
3,2,24767620,59431950,,296,522,false,212,Kopli
3,5,24745870,59432810,,13,523,false,48,Kopli
3,3,24764320,59437350,,244,525,false,48,Tondi
3,2,24689290,59455130,,87,526,false,129,Suur-Paala
3,4,24737930,59413970,,220,528,false,74,Tondi
3,2,24814290,59426920,,251,529,false,18,Pärnu mnt depoo
3,1,24722590,59444020,,132,530,false,95,Kadriorg
3,1,24667970,59461260,,149,531,false,124,Kopli
3,1,24681010,59455280,,301,533,false,180,Kopli
3,2,24762140,59433520,,135,534,false,55,Suur-Paala
3,4,24776650,59428340,,127,535,false,229,Suur-Paala
3,2,24797670,59426150,,121,537,false,33,Suur-Paala
3,4,24814310,59426790,,252,542,false,175,Suur-Paala
3,2,24669060,59461340,,314,543,false,150,Kopli
2,83,24658950,59400180,,127,1003,Z,50,Mustamäe
2,12,24795090,59425120,,74,1009,Z,105,Seli
2,8,24657040,59409500,,127,1012,Z,56,Väike-Õismäe
2,23,24658230,59410320,,28,1013,Z,134,Kadaka
2,23,24771080,59427030,,106,1014,Z,59,Bussijaam
2,42,24635950,59412600,,999,1016,Z,155,Priisle
2,12,24657350,59409640,,230,1017,Z,24,Väike-Õismäe
2,42,24635080,59412830,,268,1018,Z,24,Väike-Õismäe
2,23,24657290,59409530,,198,1019,Z,126,Kadaka
2,40,24895240,59447800,,95,1023,Z,30,Priisle
2,23,24658410,59410480,,206,1024,Z,26,Kadaka
2,67,24785780,59431980,,71,1028,Z,100,Seli
2,36,24632430,59408830,,160,1029,Z,65,Viru
2,67,24658490,59410520,,144,1030,Z,109,Sütiste
2,8,24641820,59418720,,220,1031,Z,152,Väike-Õismäe
2,42,24758680,59435360,,90,1099,Z,97,Priisle
2,24,24656160,59404920,,89,1108,Z,38,Kadaka
2,45,24658550,59411160,,227,1109,Z,76,Väike-Õismäe
2,37,24661020,59411310,,77,1110,Z,64,Mustamäe
2,9,24661080,59411280,,82,1112,Z,52,Kadaka
2,8,24661130,59411280,,30,1113,Z,96,Väike-Õismäe
2,24,24700700,59404710,,28,1115,Z,141,Estonia
2,21A,24635260,59412210,,158,1117,Z,26,Väike-Õismäe
2,11,24661270,59411220,,309,1118,Z,14,Kadaka
2,85,24658670,59400990,,217,1121,Z,52,Mustamäe
2,3,24728890,59447770,,307,1141,Z,149,Pelguranna
2,37,24687100,59407970,,106,1143,Z,84,Mustamäe
2,28,24673730,59404610,,255,1144,Z,19,Väike-Õismäe
2,8,24797900,59445070,,218,1145,Z,124,Väike-Õismäe
2,8,24825160,59462280,,62,1149,Z,45,Äigrumäe
2,24,24739630,59431600,,37,1153,Z,81,Estonia
2,45,24635450,59412180,,999,1157,Z,93,Ülemiste
2,24,24659640,59400690,,209,1158,Z,60,Kadaka
2,11,24659200,59410900,,212,1160,Z,90,Kadaka
2,11,24656050,59403790,,329,1161,Z,28,Kadaka
2,54,24858160,59438500,,249,1164,Z,10,Väike-Õismäe
2,24,24738710,59432160,,249,1166,Z,18,Kadaka
2,28,24663870,59411030,,137,1167,Z,98,Vana-Lõuna
2,11,24659440,59411130,,30,1168,Z,40,Kadaka
2,11,24659480,59411140,,31,1169,Z,50,Kadaka
2,24,24655940,59394730,,245,1170,Z,102,Kadaka
2,21B,24742500,59441700,,45,1187,Z,44,Balti jaam
2,41,24708940,59430600,,239,1203,Z,53,Landi
2,42,24840240,59440220,,264,1214,Z,14,Väike-Õismäe
2,20A,24643020,59392010,,193,1215,Z,29,Laagri alevik
2,36,24683670,59388220,,158,1216,Z,47,Viru
2,28,24750300,59422240,,349,1223,Z,39,Väike-Õismäe
2,21,24629770,59427420,,129,1225,Z,38,Balti jaam
2,85,24658880,59400790,,167,1230,Z,112,Mustamäe
2,8,24634650,59412130,,173,1235,Z,140,Väike-Õismäe
2,54,24895470,59447580,,193,1236,Z,35,Priisle
2,54,24862790,59448210,,341,1238,Z,61,Priisle
2,41,24715410,59432280,,57,1240,Z,70,Balti jaam
2,28,24738100,59414040,,42,1243,Z,78,Vana-Lõuna
2,11,24658390,59411180,,279,1244,Z,78,Kadaka
2,20A,24757390,59436690,,352,1248,Z,72,Viru keskus
2,85,24715650,59432390,,55,1265,Z,169,Balti jaam
2,21,24753140,59437510,,205,1277,Z,11,Landi
2,8,24846830,59477470,,221,1281,Z,14,Väike-Õismäe
2,24,24654980,59404540,,341,1289,Z,224,Kadaka
2,83,24697880,59402870,,222,1302,Z,80,Mustamäe
2,8,24656990,59415270,,41,1304,Z,174,Väike-Õismäe
2,18A,24615660,59341770,,218,1305,Z,76,Viru keskus
2,23,24663990,59397420,,142,1315,Z,115,Bussijaam
2,42,24651310,59424460,,62,1316,Z,139,Priisle
2,36,24742700,59422160,,3,1317,Z,151,Viru
2,45,24683850,59388010,,274,1350,Z,60,Väike-Õismäe
2,45,24801750,59423010,,89,1351,Z,17,Ülemiste
2,21A,24578360,59455400,,145,1353,Z,54,Väike-Õismäe
2,45,24691000,59386450,,104,1354,Z,39,Ülemiste
2,8,24755040,59440370,,139,1355,Z,69,Äigrumäe
2,36,24738340,59412440,,193,1384,Z,134,Väike-Õismäe
2,67,24897000,59445240,,0,1401,Z,42,Seli
2,45,24642810,59411660,,112,1408,Z,120,Väike-Õismäe
2,13,24729230,59403050,,256,1415,Z,22,Väike-Õismäe
2,83,24730480,59428680,,73,1419,Z,139,Kaubamaja
2,18,24759390,59439190,,32,1421,Z,16,Viru keskus
2,40,24889510,59447100,,247,1422,Z,131,Pelguranna
2,18,24671150,59374500,,68,1423,Z,62,Viru keskus
2,67,24817080,59438670,,248,1424,Z,13,Sütiste
2,42,24717050,59427650,,94,1425,Z,113,Priisle
2,12,24673930,59409830,,281,1428,Z,14,Väike-Õismäe
2,23,24731950,59416020,,345,1438,Z,15,Bussijaam
2,67,24686910,59399320,,75,1439,Z,120,Seli
2,1,24757250,59435450,,162,1442,Z,91,Viimsi keskus
2,18A,24738800,59413020,,11,1449,Z,58,Viru keskus
2,14,24661130,59408120,,133,1474,Z,61,Vana-Pääsküla
2,11,24661160,59408130,,129,1475,Z,64,Kadaka
2,9,24660900,59408350,,133,1477,Z,30,Kadaka
2,83,24741090,59432610,,240,1486,Z,166,Mustamäe
2,13,24862040,59448710,,303,1491,Z,46,Väike-Õismäe
2,67,24658650,59410650,,207,1492,Z,131,Sütiste
2,23,24748750,59433170,,221,1494,Z,96,Kadaka
2,20A,24755080,59437250,,348,1496,Z,45,Laagri alevik
2,66,24715600,59433160,,298,1500,Z,67,Pelguranna
2,3,24692560,59448590,,263,1506,Z,127,Pelguranna
2,13,24654560,59404750,,298,1516,Z,10,Väike-Õismäe
2,18A,24728480,59401770,,207,1518,Z,23,Urda
2,36,24632400,59409120,,340,1520,Z,26,Väike-Õismäe
2,67,24721880,59427490,,40,1546,Z,72,Seli
2,18,24677430,59375950,,249,1561,Z,79,Laagri
2,23,24691650,59387060,,254,1563,Z,78,Kadaka
2,37,24683810,59404150,,117,1742,Z,33,Zoo
2,21B,24627990,59435830,,345,1744,Z,35,Kakumäe
2,8,24667490,59427480,,75,1747,Z,85,Äigrumäe
2,8,24726450,59435640,,234,1813,Z,166,Väike-Õismäe
2,24,24658380,59410580,,353,1829,Z,240,Kadaka
2,20A,24642460,59390840,,17,1861,Z,14,Viru keskus
2,9,24660020,59408890,,140,1908,Z,90,Kadaka
2,41,24742400,59441660,,58,1942,Z,24,Balti jaam
2,24,24704480,59409220,,202,1956,Z,182,Kadaka
2,41,24590750,59448780,,349,1957,Z,39,Landi
2,59,24703550,59460090,,232,1960,Z,30,Balti jaam
2,24,24645610,59398570,,190,1961,Z,123,Estonia
2,85,24683440,59406890,,28,1967,Z,27,Balti jaam
2,28,24660370,59408720,,134,1969,Z,112,Vana-Lõuna
2,16,24649660,59418880,,310,2032,Z,112,Väike-Õismäe
2,73,24726670,59451190,,282,2034,Z,67,Kopli liinid
2,2,24737030,59431800,,123,2035,Z,75,Mõigu
2,25,24658160,59410970,,227,2061,Z,65,Reisisadama D-terminal
2,27,24583140,59414760,,256,2064,Z,62,Harkujärve
2,73,24723290,59450840,,83,2065,Z,162,Vana-Lõuna
2,61,24695240,59400720,,325,2068,Z,100,Kotermaa
2,81,24739390,59431520,,115,2069,Z,49,Kaubamaja
2,81,24735990,59432180,,302,2070,Z,24,Mustamäe
2,25,24698910,59429270,,97,2073,Z,53,Reisisadama D-terminal
2,81,24658670,59400590,,149,2074,Z,134,Mustamäe
2,5,24742740,59427610,,2,2100,Z,179,Metsakooli tee
2,81,24694570,59418360,,26,2122,Z,79,Kaubamaja
2,5,24807090,59451870,,197,2123,Z,136,Männiku
2,61,24662490,59411470,,67,2126,Z,36,Kotermaa
2,10,24683720,59388100,,161,2132,Z,111,Vana-Pääsküla
2,73,24741590,59420320,,304,2133,Z,92,Vana-Lõuna
2,20,24713800,59402410,,272,2134,Z,47,Pääsküla jaam
2,73,24741500,59420140,,306,2140,Z,114,Vana-Lõuna
2,12,24634830,59412690,,197,2148,Z,146,Väike-Õismäe
2,72,24690410,59454510,,324,2181,Z,199,Kopli
2,72,24718120,59431000,,341,2188,Z,225,Kopli
2,72,24679680,59400080,,126,2189,Z,98,Keskuse
2,27,24654120,59414140,,26,2194,Z,35,Laagri alevik
2,61,24615550,59404620,,212,2198,Z,20,Kotermaa
2,73,24741640,59420100,,330,2199,Z,44,Vana-Lõuna
2,32,24659420,59411690,,231,2208,Z,10,Männiku
2,61,24697160,59399410,,141,2209,Z,77,Järve haigla
2,27,24661450,59411570,,111,2212,Z,48,Harkujärve
2,32,24659530,59411720,,308,2221,Z,30,Männiku
2,33,24694170,59418250,,116,2224,Z,73,Kopli
2,4,24660890,59411420,,305,2228,Z,52,Väike-Õismäe
2,10,24660960,59411410,,110,2234,Z,124,Väike-Õismäe
2,34,24759690,59439210,,59,2246,Z,18,Viru keskus
2,61,24639410,59407090,,97,2253,Z,54,Kotermaa
2,33,24716820,59375420,,114,2254,Z,16,Männiku
2,1,24656550,59410080,,53,2255,Z,108,Viru keskus
2,5,24878130,59459310,,150,2258,Z,110,Männiku
2,5,24656860,59410370,,315,2287,Z,58,Männiku
2,20,24744380,59444560,,282,2291,Z,74,Reisisadama D-terminal
2,32,24661380,59411580,,100,2292,Z,50,Männiku
2,10,24657070,59415490,,325,2293,Z,70,Väike-Õismäe
2,14,24661240,59411680,,77,2294,Z,10,Viru keskus
2,27,24610120,59353780,,28,2307,Z,15,Laagri alevik
2,84,24698770,59403100,,43,2311,Z,91,Balti jaam
2,14,24661290,59411630,,18,2323,Z,22,Viru keskus
2,10,24636480,59412740,,28,2330,Z,17,Vana-Pääsküla
2,16,24741800,59432350,,61,2331,Z,53,Tallinn-Väike
2,26,24656150,59425580,,68,2333,Z,59,Paljassaare
2,4,24635850,59412210,,121,2410,Z,26,Väike-Õismäe
2,62,24637470,59412810,,112,2413,Z,40,Väike-Õismäe
2,4,24568360,59436020,,58,2417,Z,78,Väike-Õismäe
2,26,24698970,59455290,,177,2418,Z,40,Väike-Õismäe
2,35,24734970,59429760,,233,2440,Z,31,Pelguranna
2,34,24758110,59437350,,272,2459,Z,58,Viru keskus
2,81,24695840,59419860,,203,2460,Z,182,Mustamäe
2,14,24659680,59408940,,168,2471,Z,41,Vana-Pääsküla
2,72,24682780,59454700,,122,2472,Z,178,Keskuse
2,1,24799450,59446040,,218,2483,Z,20,Viru keskus
2,5,24717770,59377060,,178,2497,Z,72,Männiku
2,42,24881580,59445840,,67,2501,Z,55,Priisle
2,33,24669210,59403790,,166,2502,Z,42,Männiku
2,25,24765340,59443380,,69,2504,Z,99,Reisisadama D-terminal
2,73,24746090,59433580,,224,2513,Z,140,Vana-Lõuna
2,42,24635300,59411790,,161,2515,Z,188,Väike-Õismäe
2,1,24829390,59505960,,199,2523,Z,44,Viru keskus
2,16,24635460,59412000,,129,2525,Z,70,Väike-Õismäe
2,16,24723740,59428070,,247,2526,Z,128,Väike-Õismäe
2,10,24635340,59412210,,125,2556,Z,48,Väike-Õismäe
2,81,24658460,59401130,,305,2566,Z,106,Mustamäe
2,5,24717490,59372150,,8,2591,Z,23,Metsakooli tee
2,26,24659760,59408980,,183,2600,Z,84,Väike-Õismäe
2,18,24757190,59437550,,212,2614,Z,35,Laagri
2,32,24656470,59410000,,233,2618,Z,20,Männiku
2,84,24737930,59439620,,61,2635,Z,57,Balti jaam
2,25,24592160,59433240,,287,2641,Z,80,Tiskre
2,72,24680050,59399470,,157,2643,Z,72,Keskuse
2,20,24763200,59443230,,262,2645,Z,62,Reisisadama D-terminal
2,2,24741030,59441500,,252,2647,Z,118,Balti jaam
2,46,24660800,59411440,,313,2648,Z,28,Väike-Õismäe
2,16,24749070,59425340,,349,2650,Z,16,Väike-Õismäe
2,46,24656660,59410000,,187,2660,Z,96,Väike-Õismäe
2,72,24703690,59408020,,24,2662,Z,23,Kopli
2,16,24670010,59413090,,50,2668,Z,143,Tallinn-Väike
2,20,24636880,59368610,,217,2671,Z,31,Pääsküla jaam
2,72,24680250,59399610,,141,2672,Z,46,Keskuse
2,72,24703720,59408380,,204,2677,Z,150,Keskuse
2,25,24763720,59433640,,196,2683,Z,26,Tiskre
2,20,24706780,59403240,,119,2684,Z,14,Reisisadama D-terminal
2,73,24745980,59432910,,9,2690,Z,21,Kopli liinid
2,72,24660520,59408510,,115,2701,Z,242,Keskuse
2,5,24746240,59433800,,223,2707,Z,90,Männiku
2,2,24770600,59430820,,309,2721,Z,100,Balti jaam
2,84,24661990,59411160,,150,2724,Z,148,Keskuse
2,10,24678630,59391560,,326,2726,Z,32,Väike-Õismäe
2,14,24661920,59411070,,306,2727,Z,32,Viru keskus
2,84,24680100,59399500,,150,2728,Z,124,Keskuse
2,4,24655620,59415120,,48,2729,Z,100,Väike-Õismäe
2,5,24717920,59366240,,355,2730,Z,46,Männiku
2,10,24629570,59354050,,147,2731,Z,90,Väike-Õismäe
2,57,24727490,59400310,,196,2732,Z,74,Raudalu
2,27,24669040,59382980,,56,2752,Z,82,Harkujärve
2,54,24640360,59420390,,228,2757,Z,108,Väike-Õismäe
2,26,24654150,59414600,,193,2770,Z,20,Väike-Õismäe
2,5,24801520,59446990,,38,2773,Z,153,Metsakooli tee
2,84,24705090,59409950,,202,2775,Z,28,Keskuse
2,33,24690050,59454650,,31,2777,Z,56,Männiku
2,72,24715610,59432930,,141,2849,Z,124,Keskuse
2,34,24803600,59448380,,38,2861,Z,91,Muuga aedlinn
2,54,24764870,59427860,,95,2897,Z,87,Priisle
2,13,24834170,59418090,,302,2915,Z,34,Väike-Õismäe
2,73,24671660,59459760,,318,3008,Z,185,Kopli liinid
2,34,24889020,59473590,,241,3011,Z,76,Viru keskus
2,67,24682350,59396360,,166,3013,Z,27,Sütiste
2,35,24688330,59444160,,177,3014,Z,94,Seli
2,42,24895460,59447510,,180,3018,Z,37,Priisle
2,34,24904050,59467520,,169,3020,Z,119,Muuga aedlinn
2,40,24736640,59432060,,256,3021,Z,105,Pelguranna
2,15,24800050,59418470,,104,3023,Z,23,Sõjamäe
2,60,24827860,59448340,,247,3024,Z,129,Maneezi
2,48,24881790,59454810,,89,3029,Z,48,Pirita keskus
2,46,24842270,59432800,,76,3030,Z,37,Seli
2,66,24842680,59432870,,127,3031,Z,98,Priisle
2,9,24841210,59431510,,164,3032,Z,63,Priisle
2,42,24651270,59424820,,248,3033,Z,206,Väike-Õismäe
2,40,24750250,59433910,,44,3036,Z,48,Priisle
2,50,24859280,59434660,,155,3060,Z,68,Seli
2,60,24840240,59431730,,247,3062,Z,146,Seli
2,13,24664520,59410530,,39,3063,Z,97,Priisle
2,42,24723160,59427970,,248,3067,Z,222,Väike-Õismäe
2,18A,24759440,59439220,,33,3086,Z,38,Viru keskus
2,58,24895350,59447710,,67,3101,Z,28,Priisle
2,29,24819520,59439210,,258,3105,Z,36,Viru keskus
2,9,24840800,59431740,,176,3135,Z,19,Priisle
2,3,24840760,59432100,,244,3154,Z,36,Vana-Lõuna
2,9,24840760,59431840,,228,3190,Z,81,Priisle
2,13,24895260,59447770,,129,3201,Z,59,Priisle
2,5,24658290,59410430,,274,3206,Z,166,Männiku
2,16,24658260,59410490,,290,3207,Z,84,Väike-Õismäe
2,46,24840800,59431900,,228,3211,Z,69,Seli
2,48,24902900,59469120,,158,3213,Z,31,Vesse
2,44,24820380,59446720,,247,3218,Z,90,Viru keskus
2,29,24853870,59452060,,66,3229,Z,17,Priisle
2,31,24884460,59454390,,127,3245,Z,120,Priisle
2,31,24859370,59452640,,187,3260,Z,81,Estonia
2,44,24756320,59435340,,17,3261,Z,27,P. Pinna
2,58,24867720,59442080,,73,3267,Z,84,Priisle
2,12,24675280,59409550,,102,3270,Z,123,Seli
2,49,24797300,59443300,,259,3274,Z,48,Viimsi keskus
2,6,24853170,59489270,,75,3275,Z,29,Metsakooli tee
2,66,24819560,59446020,,333,3276,Z,15,Pelguranna
2,63,24861970,59454060,,244,3280,Z,25,Maneezi
2,31,24840280,59432500,,269,3283,Z,136,Priisle
2,40,24704370,59443070,,331,3296,Z,89,Pelguranna
2,55,24796580,59426530,,123,3298,Z,21,P. Pinna
2,31,24836470,59434720,,73,3303,Z,16,Priisle
2,49,24836170,59489270,,127,3306,Z,65,Lennujaam
2,7,24870790,59443050,,265,3308,Z,61,Sõjamäe
2,44,24850900,59439650,,173,3310,Z,121,P. Pinna
2,48,24849700,59436860,,253,3313,Z,81,Vesse
2,54,24841490,59431650,,149,3318,Z,125,Priisle
2,48,24842980,59430650,,251,3319,Z,16,Pirita keskus
2,67,24896630,59444710,,201,3321,Z,155,Sütiste
2,40,24811500,59443240,,226,3322,Z,163,Pelguranna
2,38,24757460,59435850,,169,3349,Z,19,Muuga
2,12,24849500,59440570,,269,3360,Z,54,Väike-Õismäe
2,60,24859210,59451370,,75,3365,Z,76,Seli
2,31,24895190,59447900,,999,3374,Z,101,Estonia
2,38,24800980,59447040,,217,3378,Z,32,Viru keskus
2,54,24656880,59412200,,187,3379,Z,49,Priisle
2,3,24755910,59433880,,53,3380,Z,19,Pelguranna
2,59,24661130,59408610,,98,3381,Z,86,Balti jaam
2,54,24719060,59427510,,94,3388,Z,23,Priisle
2,35,24896770,59445190,,32,3391,Z,126,Seli
2,60,24896940,59445490,,306,3392,Z,23,Maneezi
2,85,24733010,59436690,,204,3393,Z,144,Mustamäe
2,44,24842320,59432220,,155,3394,Z,144,Viru keskus
2,40,24707230,59440190,,150,3395,Z,72,Priisle
2,40,24806850,59442920,,106,3399,Z,58,Priisle
2,16,24750480,59421720,,168,3400,Z,33,Tallinn-Väike
2,7,24841330,59431830,,234,3420,Z,108,Seli
2,32,24660810,59408600,,137,3430,Z,40,Männiku
2,31,24761990,59434880,,103,3432,Z,38,Priisle
2,3,24739670,59431720,,77,3433,Z,72,Vana-Lõuna
2,46,24842530,59431960,,185,3434,Z,17,Seli
2,50,24832100,59434190,,253,3436,Z,101,Majaka põik
2,7,24794790,59423090,,269,3447,Z,18,Seli
2,39,24792320,59430740,,222,3450,Z,56,Vana-Lõuna
2,39,24840010,59432730,,250,3457,Z,74,Vana-Lõuna
2,39,24745480,59418350,,121,3458,Z,27,Liikuri
2,35,24805190,59443280,,284,3468,Z,109,Pelguranna
2,40,24879810,59445420,,1,3469,Z,14,Priisle
2,12,24796810,59425610,,254,3470,Z,38,Väike-Õismäe
2,35,24877820,59440850,,216,3479,Z,15,Pelguranna
2,15,24762480,59432890,,119,3485,Z,51,Sõjamäe
2,67,24718580,59414970,,204,3488,Z,57,Sütiste
2,42,24839840,59432410,,232,3490,Z,125,Priisle
2,33,24691100,59378590,,244,3499,Z,91,Kopli
2,7,24811060,59422750,,3,3511,Z,39,Sõjamäe
2,49,24799020,59418990,,19,3512,Z,16,Viimsi keskus
2,35,24786600,59440820,,64,3517,Z,48,Seli
2,36,24683500,59388540,,335,3528,Z,100,Väike-Õismäe
2,61,24633040,59411140,,27,3529,Z,121,Järve haigla
2,2,24796130,59417030,,237,3530,Z,47,Mõigu
2,49,24842400,59432080,,192,3531,Z,75,Lennujaam
2,46,24842450,59432750,,69,3532,Z,53,Seli
2,54,24770630,59427160,,287,3533,Z,120,Väike-Õismäe
2,85,24685870,59409370,,207,3535,Z,86,Mustamäe
2,35,24866720,59435940,,71,3536,Z,62,Seli
2,44,24759510,59439190,,32,3539,Z,58,Viru keskus
2,35,24731750,59428830,,76,3541,Z,80,Seli
2,13,24635550,59412600,,128,3547,Z,120,Väike-Õismäe
2,13,24792600,59422990,,90,3548,Z,85,Priisle
2,15,24794200,59423100,,269,3550,Z,146,Estonia
2,49,24811190,59423000,,271,3558,Z,33,Lennujaam
2,42,24767090,59434420,,282,3564,Z,246,Väike-Õismäe
2,3,24748460,59427480,,201,3573,Z,108,Vana-Lõuna
2,45,24660560,59408390,,118,3574,Z,108,Väike-Õismäe
2,50,24897280,59444900,,7,3576,Z,30,Seli
2,24,24667120,59403740,,75,3577,Z,163,Estonia
2,1,24825610,59462470,,49,3579,Z,67,Viimsi keskus
2,67,24897090,59445260,,40,3581,Z,142,Seli
2,13,24831420,59433730,,334,3582,Z,71,Priisle
2,13,24656200,59409850,,105,3583,Z,130,Väike-Õismäe
2,46,24897170,59444990,,27,3585,Z,87,Seli
2,55,24759770,59439210,,81,3586,Z,42,Hobujaama
2,50,24897220,59444970,,1,3593,Z,138,Seli
2,55,24866540,59426130,,244,3594,Z,64,Hobujaama
2,15,24857220,59415800,,270,3625,Z,78,Estonia
2,58,24799440,59428130,,32,3670,Z,152,Priisle
2,12,24868750,59442220,,74,3702,Z,87,Seli
2,42,24635860,59412530,,131,3703,Z,173,Priisle
2,31,24816840,59435220,,45,3715,Z,59,Estonia
2,58,24869650,59442960,,260,3763,Z,117,Majaka põik
2,48,24840960,59432240,,127,3779,Z,59,Vesse
2,46,24841030,59432320,,158,3788,Z,105,Seli
2,66,24840030,59435290,,74,3790,Z,32,Priisle
2,42,24817820,59438330,,61,3792,Z,71,Priisle
2,63,24883120,59454820,,89,3794,Z,56,Priisle
2,63,24757450,59436890,,354,3810,Z,86,Priisle
2,66,24737540,59439500,,60,3898,Z,86,Priisle
2,60,24758840,59437080,,0,3920,Z,104,Seli
2,67,24749170,59433360,,224,3929,Z,87,Sütiste
