3,1,24669060,59461330,,318,96,Z,40,Kopli
3,5,24742670,59424280,,3,98,Z,78,Kopli
3,1,24689300,59455140,,87,99,Z,207,Kadriorg
3,2,24665990,59462780,,82,102,Z,74,Kopli
3,2,24740870,59441690,,227,123,Z,174,Kopli
3,1,24689170,59455150,,279,136,false,74,Kopli
3,1,24758700,59437230,,84,138,false,151,Kadriorg
3,2,24813890,59426840,,265,148,Z,243,Suur-Paala
3,5,24665420,59462820,,317,181,false,100,Kopli
3,5,24750340,59443340,,112,507,Z,25,Vana-Lõuna
3,3,24735430,59412600,,222,508,Z,108,Tondi
3,4,24733940,59410860,,199,510,Z,126,Tondi
3,4,24744590,59430120,,218,513,Z,148,Tondi
3,3,24784530,59440370,,5,515,Z,160,Tondi
3,4,24762330,59433480,,138,516,Z,47,Suur-Paala
3,2,24743340,59419280,,166,519,Z,196,Pärnu mnt depoo
3,4,24733880,59410870,,200,520,Z,98,Tondi
3,2,24776310,59428500,,309,522,false,214,Kopli
3,5,24681690,59454960,,270,523,false,50,Kopli
3,3,24742680,59424590,,0,525,false,51,Kadriorg
3,2,24735650,59441460,,86,526,false,131,Suur-Paala
3,4,24743510,59420000,,321,528,false,77,Pärnu mnt depoo
3,1,24757810,59437290,,271,530,false,98,Kopli
3,2,24767980,59431800,,112,537,false,35,Suur-Paala
3,4,24763540,59432940,,298,542,false,178,Tondi
3,2,24669000,59461290,,316,543,false,152,Kopli
2,83,24749730,59433640,,45,1003,Z,53,Kaubamaja
2,12,24635820,59412470,,126,1009,Z,107,Väike-Õismäe
2,42,24645990,59419480,,111,1016,Z,156,Väike-Õismäe
2,12,24658260,59411170,,209,1017,Z,24,Väike-Õismäe
2,40,24731260,59435010,,83,1023,Z,32,Priisle
2,36,24652260,59405960,,136,1029,Z,67,Viru
2,42,24643680,59421200,,317,1099,Z,99,Priisle
2,24,24644300,59399790,,236,1108,Z,41,Estonia
2,24,24722300,59427590,,66,1115,Z,143,Estonia
2,85,24722270,59434030,,244,1121,Z,56,Mustamäe
2,3,24733190,59445820,,132,1141,Z,152,Vana-Lõuna
2,37,24694340,59406750,,293,1143,Z,87,Zoo
2,28,24660950,59412050,,329,1144,Z,21,Väike-Õismäe
2,8,24890840,59481320,,102,1145,Z,125,Äigrumäe
2,8,24646320,59420250,,39,1149,Z,47,Äigrumäe
2,8,24673090,59428180,,257,1152,Z,110,Väike-Õismäe
2,24,24736220,59430230,,234,1153,Z,84,Kadaka
2,45,24679650,59390730,,139,1157,Z,95,Ülemiste
2,24,24654730,59403560,,46,1158,Z,62,Kadaka
2,54,24719470,59427390,,109,1164,Z,11,Priisle
2,24,24707450,59412860,,200,1166,Z,20,Kadaka
2,28,24737810,59413890,,41,1167,Z,100,Vana-Lõuna
2,24,24656080,59404920,,94,1170,Z,104,Kadaka
2,21,24734390,59433250,,334,1187,Z,60,Balti jaam
2,41,24717420,59433090,,252,1203,Z,55,Landi
2,42,24881740,59443110,,86,1214,Z,15,Priisle
2,20A,24717640,59402570,,266,1215,Z,31,Laagri alevik
2,36,24687100,59387410,,112,1216,Z,49,Viru
2,28,24677990,59404990,,271,1223,Z,41,Väike-Õismäe
2,85,24683250,59406730,,28,1230,Z,115,Balti jaam
2,28,24742470,59420270,,999,1232,Z,61,Väike-Õismäe
2,24,24660590,59399900,,330,1233,Z,205,Estonia
2,8,24762200,59439940,,253,1235,Z,142,Väike-Õismäe
2,54,24647930,59407960,,229,1236,Z,37,Priisle
2,54,24635240,59411740,,146,1238,Z,62,Väike-Õismäe
2,41,24590750,59448760,,348,1240,Z,71,Landi
2,21,24753210,59441230,,154,1242,Z,27,Landi
2,28,24699660,59424050,,211,1243,Z,80,Vana-Lõuna
2,83,24658450,59400240,,144,1249,Z,112,Mustamäe
2,85,24658680,59400710,,178,1265,Z,172,Mustamäe
2,21,24629470,59434080,,318,1277,Z,13,Landi
2,8,24833790,59467230,,19,1281,Z,15,Äigrumäe
2,24,24656130,59404930,,78,1289,Z,226,Kadaka
2,83,24700880,59404880,,27,1302,Z,83,Kaubamaja
2,18A,24629930,59361470,,208,1305,Z,77,Urda
2,23,24659470,59400800,,149,1315,Z,117,Bussijaam
2,42,24635540,59412700,,113,1316,Z,140,Väike-Õismäe
2,36,24745240,59430440,,40,1317,Z,153,Viru
2,45,24686640,59387550,,297,1351,Z,20,Väike-Õismäe
2,45,24810050,59420370,,218,1354,Z,42,Väike-Õismäe
2,36,24728460,59401750,,205,1384,Z,136,Väike-Õismäe
2,67,24715000,59410850,,28,1401,Z,44,Seli
2,13,24819500,59446310,,333,1415,Z,23,Priisle
2,18,24742670,59424850,,0,1421,Z,18,Viru keskus
2,40,24895320,59447480,,193,1422,Z,132,Priisle
2,18,24631080,59356110,,7,1423,Z,64,Viru keskus
2,67,24875690,59442830,,91,1424,Z,14,Seli
2,23,24721310,59426650,,141,1426,Z,98,Kadaka
2,12,24824930,59439980,,358,1428,Z,16,Väike-Õismäe
2,23,24733010,59411290,,47,1438,Z,17,Bussijaam
2,67,24720720,59417430,,203,1439,Z,121,Sütiste
2,1,24838120,59474690,,23,1442,Z,93,Viimsi keskus
2,18A,24705790,59383090,,52,1449,Z,60,Viru keskus
2,83,24667930,59397060,,259,1486,Z,168,Mustamäe
2,13,24688230,59402940,,120,1491,Z,47,Priisle
2,23,24660040,59411280,,269,1494,Z,96,Kadaka
2,20A,24762290,59432200,,200,1496,Z,46,Viru keskus
2,66,24764120,59441920,,278,1500,Z,69,Pelguranna
2,3,24761190,59431510,,212,1506,Z,130,Vana-Lõuna
2,18,24742430,59428140,,195,1518,Z,83,Laagri
2,36,24661480,59402130,,227,1520,Z,28,Väike-Õismäe
2,67,24686260,59399400,,257,1546,Z,73,Sütiste
2,18,24718150,59388220,,233,1561,Z,81,Laagri
2,23,24679140,59391190,,328,1563,Z,80,Kadaka
2,37,24697620,59402780,,227,1742,Z,36,Mustamäe
2,21,24625370,59429260,,130,1744,Z,48,Balti jaam
2,8,24635400,59412260,,147,1747,Z,86,Väike-Õismäe
2,20A,24721490,59402270,,97,1772,Z,62,Viru keskus
2,8,24829240,59464560,,225,1813,Z,168,Väike-Õismäe
2,20A,24610480,59351380,,180,1861,Z,15,Laagri alevik
2,41,24742150,59441610,,42,1942,Z,26,Balti jaam
2,24,24664070,59397170,,127,1956,Z,184,Kadaka
2,41,24689240,59429460,,86,1957,Z,42,Balti jaam
2,59,24660140,59408640,,157,1960,Z,32,Balti jaam
2,24,24660080,59408600,,114,1961,Z,124,Kadaka
2,85,24681420,59405160,,208,1967,Z,30,Mustamäe
2,73,24696920,59449890,,144,2034,Z,70,Vana-Lõuna
2,2,24796090,59416970,,327,2035,Z,78,Balti jaam
2,73,24751190,59420020,,169,2065,Z,164,Vana-Lõuna
2,61,24615590,59404610,,214,2068,Z,102,Kotermaa
2,81,24663130,59402910,,230,2069,Z,52,Mustamäe
2,81,24658740,59400590,,198,2070,Z,26,Mustamäe
2,25,24705260,59429080,,93,2073,Z,55,Reisisadama D-terminal
2,81,24742200,59432440,,62,2074,Z,137,Kaubamaja
2,5,24717950,59386820,,8,2100,Z,181,Metsakooli tee
2,81,24693870,59417840,,208,2122,Z,82,Mustamäe
2,5,24836450,59459100,,255,2123,Z,138,Männiku
2,10,24679870,59386860,,242,2132,Z,113,Vana-Pääsküla
2,73,24742070,59420310,,307,2133,Z,94,Vana-Lõuna
2,20,24754190,59440820,,286,2134,Z,49,Pääsküla jaam
2,73,24749660,59423800,,348,2140,Z,117,Kopli liinid
2,12,24654220,59415870,,267,2148,Z,148,Väike-Õismäe
2,72,24713660,59420670,,203,2181,Z,202,Keskuse
2,72,24700380,59446690,,154,2188,Z,228,Keskuse
2,72,24704360,59408810,,29,2189,Z,101,Kopli
2,27,24594590,59417270,,106,2194,Z,37,Laagri alevik
2,61,24662240,59411330,,332,2198,Z,23,Väike-Õismäe
2,73,24750070,59443910,,285,2199,Z,47,Kopli liinid
2,61,24682590,59408860,,311,2209,Z,80,Kotermaa
2,32,24661580,59410170,,216,2221,Z,30,Männiku
2,33,24671810,59413870,,49,2224,Z,75,Kopli
2,34,24788110,59441470,,54,2246,Z,21,Muuga aedlinn
2,61,24643490,59406810,,3,2253,Z,57,Järve haigla
2,33,24718140,59365950,,39,2254,Z,16,Männiku
2,5,24822670,59458140,,107,2258,Z,111,Metsakooli tee
2,10,24688380,59402940,,297,2293,Z,72,Väike-Õismäe
2,27,24636920,59368660,,215,2307,Z,17,Laagri alevik
2,84,24679720,59400080,,126,2311,Z,94,Keskuse
2,10,24650990,59411830,,60,2330,Z,19,Vana-Pääsküla
2,16,24746560,59432880,,89,2331,Z,55,Tallinn-Väike
2,26,24703560,59460100,,255,2333,Z,62,Väike-Õismäe
2,4,24635030,59412270,,146,2410,Z,30,Väike-Õismäe
2,62,24635520,59412060,,156,2413,Z,44,Väike-Õismäe
2,4,24591160,59433350,,117,2417,Z,82,Väike-Õismäe
2,26,24652670,59412970,,209,2418,Z,42,Väike-Õismäe
2,35,24829570,59435590,,330,2440,Z,33,Pelguranna
2,2,24767720,59431660,,113,2441,Z,25,Mõigu
2,34,24656610,59409770,,298,2459,Z,58,Viru keskus
2,72,24683280,59399040,,255,2472,Z,180,Keskuse
2,1,24759580,59439210,,75,2483,Z,22,Viru keskus
2,5,24728850,59402090,,206,2497,Z,74,Männiku
2,42,24752390,59434640,,55,2501,Z,57,Priisle
2,33,24659590,59409440,,180,2502,Z,42,Männiku
2,25,24763930,59443370,,68,2504,Z,101,Reisisadama D-terminal
2,42,24745860,59433060,,266,2515,Z,190,Väike-Õismäe
2,12,24808460,59430820,,42,2519,Z,73,Seli
2,1,24789750,59442490,,262,2523,Z,46,Viru keskus
2,16,24635440,59411970,,158,2525,Z,72,Väike-Õismäe
2,16,24707310,59428880,,293,2526,Z,130,Väike-Õismäe
2,81,24699110,59423170,,24,2527,Z,165,Kaubamaja
2,35,24775010,59438930,,71,2543,Z,146,Seli
2,33,24717960,59373750,,176,2557,Z,110,Männiku
2,81,24733960,59433700,,334,2566,Z,110,Mustamäe
2,5,24725430,59402610,,252,2591,Z,24,Männiku
2,26,24635440,59412040,,149,2600,Z,84,Väike-Õismäe
2,18,24759280,59439230,,28,2614,Z,36,Viru keskus
2,84,24686870,59399350,,76,2635,Z,61,Balti jaam
2,25,24657880,59426360,,246,2641,Z,82,Tiskre
2,72,24710520,59437060,,331,2643,Z,75,Kopli
2,20,24753520,59435090,,54,2645,Z,64,Reisisadama D-terminal
2,2,24741930,59441800,,70,2647,Z,120,Balti jaam
2,16,24756240,59429340,,71,2650,Z,18,Väike-Õismäe
2,72,24659720,59409270,,139,2662,Z,24,Keskuse
2,16,24664120,59411070,,136,2668,Z,145,Tallinn-Väike
2,20,24654400,59403490,,252,2671,Z,33,Pääsküla jaam
2,72,24667090,59461390,,275,2672,Z,49,Kopli
2,20,24644200,59394670,,11,2684,Z,16,Reisisadama D-terminal
2,73,24702940,59453010,,211,2690,Z,23,Kopli liinid
2,16,24635350,59411820,,115,2705,Z,100,Väike-Õismäe
2,5,24776000,59439150,,262,2707,Z,92,Männiku
2,36,24635180,59412190,,163,2720,Z,88,Väike-Õismäe
2,10,24658460,59410880,,256,2726,Z,32,Väike-Õismäe
2,84,24715240,59422560,,207,2728,Z,128,Keskuse
2,5,24717940,59366390,,9,2730,Z,48,Männiku
2,10,24629250,59364720,,44,2731,Z,92,Väike-Õismäe
2,57,24737110,59409860,,36,2732,Z,77,Kalev
2,27,24664350,59381500,,60,2752,Z,84,Harkujärve
2,54,24866670,59449060,,66,2757,Z,109,Priisle
2,33,24668360,59405550,,164,2764,Z,32,Männiku
2,26,24648100,59411110,,95,2770,Z,23,Paljassaare
2,5,24750750,59435730,,57,2773,Z,155,Metsakooli tee
2,84,24727610,59434820,,78,2775,Z,31,Balti jaam
2,57,24763960,59362610,,141,2776,Z,38,Raudalu
2,33,24694860,59448650,,261,2777,Z,57,Kopli
2,34,24904080,59467470,,168,2861,Z,91,Muuga aedlinn
2,54,24657770,59412590,,49,2897,Z,88,Väike-Õismäe
2,13,24798570,59418350,,189,2915,Z,35,Priisle
2,73,24747260,59445940,,142,3008,Z,188,Vana-Lõuna
2,34,24805270,59449970,,212,3011,Z,78,Viru keskus
2,67,24781370,59430760,,238,3013,Z,29,Sütiste
2,35,24755040,59437320,,265,3014,Z,95,Pelguranna
2,42,24813790,59437290,,61,3018,Z,39,Priisle
2,34,24877700,59471400,,253,3020,Z,122,Viru keskus
2,40,24846590,59443840,,337,3021,Z,107,Pelguranna
2,15,24834490,59417990,,302,3023,Z,26,Estonia
2,60,24825120,59447720,,68,3024,Z,132,Seli
2,48,24880500,59454810,,91,3029,Z,50,Pirita keskus
2,42,24782320,59432280,,265,3033,Z,208,Väike-Õismäe
2,23,24762250,59428030,,118,3034,Z,61,Bussijaam
2,40,24688870,59446380,,265,3036,Z,49,Pelguranna
2,40,24858610,59443150,,67,3044,Z,148,Priisle
2,50,24859990,59434690,,250,3060,Z,71,Majaka põik
2,13,24799500,59419780,,31,3063,Z,98,Väike-Õismäe
2,42,24867050,59442660,,254,3067,Z,224,Väike-Õismäe
2,18A,24759690,59439210,,88,3086,Z,40,Viru keskus
2,58,24850810,59439260,,337,3101,Z,32,Priisle
2,7,24871740,59443110,,267,3102,Z,83,Sõjamäe
2,29,24808290,59436170,,241,3105,Z,38,Viru keskus
2,15,24779310,59426960,,316,3182,Z,122,Estonia
2,13,24636520,59412770,,109,3201,Z,61,Priisle
2,48,24901940,59458940,,218,3213,Z,33,Vesse
2,44,24822460,59447150,,64,3218,Z,93,P. Pinna
2,29,24845620,59440130,,86,3229,Z,19,Priisle
2,31,24818900,59432360,,263,3260,Z,83,Estonia
2,44,24761310,59437360,,268,3261,Z,30,Viru keskus
2,58,24807130,59430160,,223,3267,Z,87,Majaka põik
2,12,24635760,59412560,,113,3270,Z,124,Väike-Õismäe
2,49,24802860,59447910,,37,3274,Z,50,Viimsi keskus
2,66,24895300,59447750,,332,3278,Z,50,Priisle
2,63,24862920,59454200,,66,3280,Z,28,Priisle
2,40,24775420,59439120,,260,3296,Z,91,Pelguranna
2,55,24842480,59431750,,194,3298,Z,23,P. Pinna
2,31,24859600,59453280,,8,3303,Z,20,Priisle
2,49,24828280,59504270,,192,3306,Z,67,Lennujaam
2,7,24818310,59422560,,102,3308,Z,63,Sõjamäe
2,48,24835010,59429460,,158,3313,Z,83,Vesse
2,48,24841390,59431690,,206,3319,Z,17,Vesse
2,3,24740350,59432520,,242,3320,Z,93,Pelguranna
2,67,24774000,59427630,,62,3321,Z,156,Seli
2,40,24895400,59447660,,175,3322,Z,164,Priisle
2,38,24854030,59466510,,106,3349,Z,21,Muuga
2,12,24898160,59445010,,163,3360,Z,55,Seli
2,60,24896870,59445200,,322,3365,Z,78,Seli
2,31,24890970,59450010,,312,3374,Z,103,Estonia
2,38,24843000,59432830,,115,3378,Z,32,Viru keskus
2,54,24781870,59425740,,300,3379,Z,50,Väike-Õismäe
2,3,24704940,59453790,,262,3380,Z,21,Pelguranna
2,13,24817850,59445640,,237,3382,Z,110,Väike-Õismäe
2,54,24707430,59428920,,296,3388,Z,24,Väike-Õismäe
2,35,24874130,59437970,,65,3391,Z,128,Seli
2,60,24762340,59436290,,209,3392,Z,25,Maneezi
2,85,24661150,59408600,,127,3393,Z,146,Mustamäe
2,40,24730890,59436520,,287,3395,Z,73,Pelguranna
2,16,24764120,59420890,,89,3400,Z,35,Tallinn-Väike
2,31,24811140,59431910,,219,3432,Z,40,Priisle
2,50,24897020,59445280,,22,3436,Z,104,Seli
2,7,24897710,59444920,,163,3447,Z,20,Seli
2,39,24823140,59442290,,347,3450,Z,60,Vana-Lõuna
2,40,24764640,59435710,,8,3469,Z,16,Priisle
2,12,24718790,59402590,,274,3487,Z,166,Väike-Õismäe
2,67,24896200,59444760,,245,3488,Z,59,Sütiste
2,33,24715920,59375690,,291,3499,Z,93,Kopli
2,7,24786780,59423630,,321,3511,Z,42,Seli
2,49,24798640,59418370,,184,3512,Z,17,Lennujaam
2,35,24715270,59433110,,136,3517,Z,50,Seli
2,61,24703500,59395410,,125,3529,Z,123,Järve haigla
2,2,24733180,59436680,,359,3530,Z,50,Balti jaam
2,54,24783260,59425050,,128,3533,Z,121,Priisle
2,85,24715900,59432470,,55,3535,Z,89,Balti jaam
2,35,24704180,59443200,,330,3536,Z,63,Pelguranna
2,44,24851010,59440350,,19,3539,Z,62,Viru keskus
2,35,24842710,59431900,,193,3541,Z,80,Seli
2,13,24893520,59447850,,71,3547,Z,121,Priisle
2,13,24684780,59408230,,25,3548,Z,86,Väike-Õismäe
2,15,24855050,59415750,,89,3550,Z,149,Sõjamäe
2,1,24757390,59435800,,176,3551,Z,141,Viimsi keskus
2,66,24895130,59447950,,999,3552,Z,87,Pelguranna
2,49,24837240,59417070,,303,3558,Z,35,Lennujaam
2,42,24895410,59447570,,191,3564,Z,247,Priisle
2,50,24897240,59444910,,6,3576,Z,34,Seli
2,24,24701110,59405160,,27,3577,Z,165,Estonia
2,1,24828380,59504730,,208,3579,Z,70,Viru keskus
2,67,24680970,59399010,,346,3581,Z,144,Seli
2,13,24635320,59412650,,150,3582,Z,72,Väike-Õismäe
2,55,24842250,59432260,,253,3586,Z,44,Hobujaama
2,50,24834490,59434440,,73,3593,Z,142,Seli
2,55,24841560,59432110,,253,3594,Z,65,P. Pinna
2,15,24787800,59422590,,146,3625,Z,81,Sõjamäe
2,60,24860840,59450220,,337,3644,Z,51,Maneezi
2,58,24884860,59446100,,247,3670,Z,155,Majaka põik
2,12,24700250,59405130,,118,3702,Z,89,Seli
2,42,24698290,59429470,,279,3703,Z,174,Väike-Õismäe
2,31,24761170,59435260,,286,3715,Z,61,Estonia
2,58,24895290,59447780,,81,3763,Z,120,Priisle
2,66,24782690,59443420,,85,3790,Z,34,Priisle
2,42,24706160,59428990,,100,3792,Z,73,Priisle
2,63,24758220,59435680,,279,3794,Z,60,Priisle
2,63,24891420,59452230,,10,3810,Z,89,Maneezi
2,66,24691680,59448560,,266,3898,Z,87,Pelguranna
2,60,24898540,59445390,,157,3920,Z,106,Seli
